"id","scenario","income","locations","agePerson1","agePerson2","agePerson3","agePerson4","agePerson5","agePerson6","agePerson7","agePerson8","agePerson9","agePerson10","agePerson11","agePerson12","married","living_arr","inc_bin","disability1","disability2","disability3","disability4","disability5","disability6","disability7","disability8","disability9","disability10","disability11","disability12","prev_ssi","blind1","blind2","blind3","blind4","blind5","blind6","ssdiPIA1","ssdiPIA2","ssdiPIA3","ssdiPIA4","ssdiPIA5","ssdiPIA6","empl_healthcare","ownorrent","assets.cash","assets.car1","income.investment","income.gift","income.child_support","disab.work.exp"
1,"high_need",63727,"Salt Lake County, UT",23,3,NA,NA,NA,NA,NA,NA,NA,NA,NA,NA,0,"no_spouse_with_kids","ge30k",0,0,0,0,0,0,0,0,0,0,0,0,0,0,0,0,0,0,0,0,0,0,0,0,0,0,"rent",0,0,0,0,0,0
2,"high_need",35502,"Salt Lake County, UT",19,NA,NA,NA,NA,NA,NA,NA,NA,NA,NA,NA,0,"no_spouse_no_kids","ge30k",0,0,0,0,0,0,0,0,0,0,0,0,0,0,0,0,0,0,0,0,0,0,0,0,0,0,"rent",0,0,0,0,0,0
3,"high_need",6749,"Salt Lake County, UT",24,NA,NA,NA,NA,NA,NA,NA,NA,NA,NA,NA,0,"no_spouse_no_kids","lt15k",0,0,0,0,0,0,0,0,0,0,0,0,0,0,0,0,0,0,0,0,0,0,0,0,0,0,"rent",0,0,0,0,0,0
4,"high_need",10282,"Salt Lake County, UT",19,NA,NA,NA,NA,NA,NA,NA,NA,NA,NA,NA,0,"no_spouse_no_kids","lt15k",0,0,0,0,0,0,0,0,0,0,0,0,0,0,0,0,0,0,0,0,0,0,0,0,0,0,"rent",0,0,0,0,0,0
5,"high_need",4342,"Salt Lake County, UT",20,NA,NA,NA,NA,NA,NA,NA,NA,NA,NA,NA,0,"no_spouse_no_kids","lt15k",0,0,0,0,0,0,0,0,0,0,0,0,0,0,0,0,0,0,0,0,0,0,0,0,0,0,"rent",0,0,0,0,0,0
6,"high_need",42983,"Salt Lake County, UT",24,NA,NA,NA,NA,NA,NA,NA,NA,NA,NA,NA,0,"no_spouse_no_kids","ge30k",0,0,0,0,0,0,0,0,0,0,0,0,0,0,0,0,0,0,0,0,0,0,0,0,0,0,"rent",0,0,0,0,0,0
7,"high_need",5577,"Salt Lake County, UT",24,NA,NA,NA,NA,NA,NA,NA,NA,NA,NA,NA,0,"no_spouse_no_kids","lt15k",0,0,0,0,0,0,0,0,0,0,0,0,0,0,0,0,0,0,0,0,0,0,0,0,0,0,"rent",0,0,0,0,0,0
8,"high_need",62507,"Salt Lake County, UT",20,NA,NA,NA,NA,NA,NA,NA,NA,NA,NA,NA,0,"no_spouse_no_kids","ge30k",0,0,0,0,0,0,0,0,0,0,0,0,0,0,0,0,0,0,0,0,0,0,0,0,0,0,"rent",0,0,0,0,0,0
9,"high_need",20323,"Salt Lake County, UT",24,NA,NA,NA,NA,NA,NA,NA,NA,NA,NA,NA,0,"no_spouse_no_kids","15to30k",0,0,0,0,0,0,0,0,0,0,0,0,0,0,0,0,0,0,0,0,0,0,0,0,0,0,"rent",0,0,0,0,0,0
10,"high_need",7450,"Salt Lake County, UT",24,NA,NA,NA,NA,NA,NA,NA,NA,NA,NA,NA,0,"no_spouse_no_kids","lt15k",0,0,0,0,0,0,0,0,0,0,0,0,0,0,0,0,0,0,0,0,0,0,0,0,0,0,"rent",0,0,0,0,0,0
11,"high_need",33677,"Salt Lake County, UT",20,NA,NA,NA,NA,NA,NA,NA,NA,NA,NA,NA,0,"no_spouse_no_kids","ge30k",0,0,0,0,0,0,0,0,0,0,0,0,0,0,0,0,0,0,0,0,0,0,0,0,0,0,"rent",0,0,0,0,0,0
12,"high_need",4296,"Salt Lake County, UT",24,NA,NA,NA,NA,NA,NA,NA,NA,NA,NA,NA,0,"no_spouse_no_kids","lt15k",0,0,0,0,0,0,0,0,0,0,0,0,0,0,0,0,0,0,0,0,0,0,0,0,0,0,"rent",0,0,0,0,0,0
13,"high_need",16884,"Salt Lake County, UT",18,NA,NA,NA,NA,NA,NA,NA,NA,NA,NA,NA,0,"no_spouse_no_kids","15to30k",0,0,0,0,0,0,0,0,0,0,0,0,0,0,0,0,0,0,0,0,0,0,0,0,0,0,"rent",0,0,0,0,0,0
14,"high_need",73476,"Salt Lake County, UT",20,NA,NA,NA,NA,NA,NA,NA,NA,NA,NA,NA,0,"no_spouse_no_kids","ge30k",0,0,0,0,0,0,0,0,0,0,0,0,0,0,0,0,0,0,0,0,0,0,0,0,0,0,"rent",0,0,0,0,0,0
15,"high_need",95529,"Salt Lake County, UT",21,NA,NA,NA,NA,NA,NA,NA,NA,NA,NA,NA,0,"no_spouse_no_kids","ge30k",0,0,0,0,0,0,0,0,0,0,0,0,0,0,0,0,0,0,0,0,0,0,0,0,0,0,"rent",0,0,0,0,0,0
16,"high_need",21300,"Salt Lake County, UT",20,NA,NA,NA,NA,NA,NA,NA,NA,NA,NA,NA,0,"no_spouse_no_kids","15to30k",0,0,0,0,0,0,0,0,0,0,0,0,0,0,0,0,0,0,0,0,0,0,0,0,0,0,"rent",0,0,0,0,0,0
17,"high_need",33398,"Salt Lake County, UT",21,NA,NA,NA,NA,NA,NA,NA,NA,NA,NA,NA,0,"no_spouse_no_kids","ge30k",0,0,0,0,0,0,0,0,0,0,0,0,0,0,0,0,0,0,0,0,0,0,0,0,0,0,"rent",0,0,0,0,0,0
18,"high_need",41304,"Salt Lake County, UT",22,NA,NA,NA,NA,NA,NA,NA,NA,NA,NA,NA,0,"no_spouse_no_kids","ge30k",0,0,0,0,0,0,0,0,0,0,0,0,0,0,0,0,0,0,0,0,0,0,0,0,0,0,"rent",0,0,0,0,0,0
19,"high_need",9703,"Salt Lake County, UT",21,NA,NA,NA,NA,NA,NA,NA,NA,NA,NA,NA,0,"no_spouse_no_kids","lt15k",0,0,0,0,0,0,0,0,0,0,0,0,0,0,0,0,0,0,0,0,0,0,0,0,0,0,"rent",0,0,0,0,0,0
20,"high_need",70643,"Salt Lake County, UT",19,NA,NA,NA,NA,NA,NA,NA,NA,NA,NA,NA,0,"no_spouse_no_kids","ge30k",0,0,0,0,0,0,0,0,0,0,0,0,0,0,0,0,0,0,0,0,0,0,0,0,0,0,"rent",0,0,0,0,0,0
21,"high_need",8784,"Salt Lake County, UT",19,NA,NA,NA,NA,NA,NA,NA,NA,NA,NA,NA,0,"no_spouse_no_kids","lt15k",0,0,0,0,0,0,0,0,0,0,0,0,0,0,0,0,0,0,0,0,0,0,0,0,0,0,"rent",0,0,0,0,0,0
22,"high_need",7112,"Salt Lake County, UT",20,NA,NA,NA,NA,NA,NA,NA,NA,NA,NA,NA,0,"no_spouse_no_kids","lt15k",0,0,0,0,0,0,0,0,0,0,0,0,0,0,0,0,0,0,0,0,0,0,0,0,0,0,"rent",0,0,0,0,0,0
23,"high_need",5709,"Salt Lake County, UT",18,NA,NA,NA,NA,NA,NA,NA,NA,NA,NA,NA,0,"no_spouse_no_kids","lt15k",0,0,0,0,0,0,0,0,0,0,0,0,0,0,0,0,0,0,0,0,0,0,0,0,0,0,"rent",0,0,0,0,0,0
24,"high_need",31239,"Salt Lake County, UT",18,NA,NA,NA,NA,NA,NA,NA,NA,NA,NA,NA,0,"no_spouse_no_kids","ge30k",0,0,0,0,0,0,0,0,0,0,0,0,0,0,0,0,0,0,0,0,0,0,0,0,0,0,"rent",0,0,0,0,0,0
25,"high_need",59409,"Salt Lake County, UT",19,NA,NA,NA,NA,NA,NA,NA,NA,NA,NA,NA,0,"no_spouse_no_kids","ge30k",0,0,0,0,0,0,0,0,0,0,0,0,0,0,0,0,0,0,0,0,0,0,0,0,0,0,"rent",0,0,0,0,0,0
26,"high_need",3845,"Salt Lake County, UT",19,NA,NA,NA,NA,NA,NA,NA,NA,NA,NA,NA,0,"no_spouse_no_kids","lt15k",0,0,0,0,0,0,0,0,0,0,0,0,0,0,0,0,0,0,0,0,0,0,0,0,0,0,"rent",0,0,0,0,0,0
27,"high_need",4969,"Salt Lake County, UT",23,NA,NA,NA,NA,NA,NA,NA,NA,NA,NA,NA,0,"no_spouse_no_kids","lt15k",0,0,0,0,0,0,0,0,0,0,0,0,0,0,0,0,0,0,0,0,0,0,0,0,0,0,"rent",0,0,0,0,0,0
28,"high_need",30046,"Salt Lake County, UT",19,NA,NA,NA,NA,NA,NA,NA,NA,NA,NA,NA,0,"no_spouse_no_kids","ge30k",0,0,0,0,0,0,0,0,0,0,0,0,0,0,0,0,0,0,0,0,0,0,0,0,0,0,"rent",0,0,0,0,0,0
29,"high_need",69000,"Salt Lake County, UT",23,NA,NA,NA,NA,NA,NA,NA,NA,NA,NA,NA,0,"no_spouse_no_kids","ge30k",0,0,0,0,0,0,0,0,0,0,0,0,0,0,0,0,0,0,0,0,0,0,0,0,0,0,"rent",0,0,0,0,0,0
30,"high_need",16915,"Salt Lake County, UT",24,NA,NA,NA,NA,NA,NA,NA,NA,NA,NA,NA,0,"no_spouse_no_kids","15to30k",0,0,0,0,0,0,0,0,0,0,0,0,0,0,0,0,0,0,0,0,0,0,0,0,0,0,"rent",0,0,0,0,0,0
31,"high_need",37261,"Salt Lake County, UT",20,NA,NA,NA,NA,NA,NA,NA,NA,NA,NA,NA,0,"no_spouse_no_kids","ge30k",0,0,0,0,0,0,0,0,0,0,0,0,0,0,0,0,0,0,0,0,0,0,0,0,0,0,"rent",0,0,0,0,0,0
32,"high_need",16790,"Salt Lake County, UT",18,NA,NA,NA,NA,NA,NA,NA,NA,NA,NA,NA,0,"no_spouse_no_kids","15to30k",0,0,0,0,0,0,0,0,0,0,0,0,0,0,0,0,0,0,0,0,0,0,0,0,0,0,"rent",0,0,0,0,0,0
33,"high_need",6908,"Salt Lake County, UT",20,NA,NA,NA,NA,NA,NA,NA,NA,NA,NA,NA,0,"no_spouse_no_kids","lt15k",0,0,0,0,0,0,0,0,0,0,0,0,0,0,0,0,0,0,0,0,0,0,0,0,0,0,"rent",0,0,0,0,0,0
34,"high_need",16842,"Salt Lake County, UT",20,NA,NA,NA,NA,NA,NA,NA,NA,NA,NA,NA,0,"no_spouse_no_kids","15to30k",0,0,0,0,0,0,0,0,0,0,0,0,0,0,0,0,0,0,0,0,0,0,0,0,0,0,"rent",0,0,0,0,0,0
35,"high_need",8403,"Salt Lake County, UT",23,24,NA,NA,NA,NA,NA,NA,NA,NA,NA,NA,1,"spouse_no_kids","lt15k",0,0,0,0,0,0,0,0,0,0,0,0,0,0,0,0,0,0,0,0,0,0,0,0,0,0,"rent",0,0,0,0,0,0
36,"high_need",17640,"Salt Lake County, UT",21,NA,NA,NA,NA,NA,NA,NA,NA,NA,NA,NA,0,"no_spouse_no_kids","15to30k",0,0,0,0,0,0,0,0,0,0,0,0,0,0,0,0,0,0,0,0,0,0,0,0,0,0,"rent",0,0,0,0,0,0
37,"high_need",19208,"Salt Lake County, UT",19,NA,NA,NA,NA,NA,NA,NA,NA,NA,NA,NA,0,"no_spouse_no_kids","15to30k",0,0,0,0,0,0,0,0,0,0,0,0,0,0,0,0,0,0,0,0,0,0,0,0,0,0,"rent",0,0,0,0,0,0
38,"high_need",47639,"Salt Lake County, UT",23,26,NA,NA,NA,NA,NA,NA,NA,NA,NA,NA,1,"spouse_no_kids","ge30k",0,0,0,0,0,0,0,0,0,0,0,0,0,0,0,0,0,0,0,0,0,0,0,0,0,0,"rent",0,0,0,0,0,0
39,"high_need",4612,"Salt Lake County, UT",24,NA,NA,NA,NA,NA,NA,NA,NA,NA,NA,NA,0,"no_spouse_no_kids","lt15k",0,0,0,0,0,0,0,0,0,0,0,0,0,0,0,0,0,0,0,0,0,0,0,0,0,0,"rent",0,0,0,0,0,0
40,"high_need",19303,"Salt Lake County, UT",21,NA,NA,NA,NA,NA,NA,NA,NA,NA,NA,NA,0,"no_spouse_no_kids","15to30k",0,0,0,0,0,0,0,0,0,0,0,0,0,0,0,0,0,0,0,0,0,0,0,0,0,0,"rent",0,0,0,0,0,0
41,"high_need",3315,"Salt Lake County, UT",24,NA,NA,NA,NA,NA,NA,NA,NA,NA,NA,NA,0,"no_spouse_no_kids","lt15k",0,0,0,0,0,0,0,0,0,0,0,0,0,0,0,0,0,0,0,0,0,0,0,0,0,0,"rent",0,0,0,0,0,0
42,"high_need",12927,"Salt Lake County, UT",21,NA,NA,NA,NA,NA,NA,NA,NA,NA,NA,NA,0,"no_spouse_no_kids","lt15k",0,0,0,0,0,0,0,0,0,0,0,0,0,0,0,0,0,0,0,0,0,0,0,0,0,0,"rent",0,0,0,0,0,0
43,"high_need",19073,"Salt Lake County, UT",21,NA,NA,NA,NA,NA,NA,NA,NA,NA,NA,NA,0,"no_spouse_no_kids","15to30k",0,0,0,0,0,0,0,0,0,0,0,0,0,0,0,0,0,0,0,0,0,0,0,0,0,0,"rent",0,0,0,0,0,0
44,"high_need",76281,"Salt Lake County, UT",24,NA,NA,NA,NA,NA,NA,NA,NA,NA,NA,NA,0,"no_spouse_no_kids","ge30k",0,0,0,0,0,0,0,0,0,0,0,0,0,0,0,0,0,0,0,0,0,0,0,0,0,0,"rent",0,0,0,0,0,0
45,"high_need",42737,"Salt Lake County, UT",22,NA,NA,NA,NA,NA,NA,NA,NA,NA,NA,NA,0,"no_spouse_no_kids","ge30k",0,0,0,0,0,0,0,0,0,0,0,0,0,0,0,0,0,0,0,0,0,0,0,0,0,0,"rent",0,0,0,0,0,0
46,"high_need",7056,"Salt Lake County, UT",21,NA,NA,NA,NA,NA,NA,NA,NA,NA,NA,NA,0,"no_spouse_no_kids","lt15k",0,0,0,0,0,0,0,0,0,0,0,0,0,0,0,0,0,0,0,0,0,0,0,0,0,0,"rent",0,0,0,0,0,0
47,"high_need",2789,"Salt Lake County, UT",23,2,NA,NA,NA,NA,NA,NA,NA,NA,NA,NA,0,"no_spouse_with_kids","lt15k",0,0,0,0,0,0,0,0,0,0,0,0,0,0,0,0,0,0,0,0,0,0,0,0,0,0,"rent",0,0,0,0,0,0
48,"high_need",16472,"Salt Lake County, UT",24,NA,NA,NA,NA,NA,NA,NA,NA,NA,NA,NA,0,"no_spouse_no_kids","15to30k",0,0,0,0,0,0,0,0,0,0,0,0,0,0,0,0,0,0,0,0,0,0,0,0,0,0,"rent",0,0,0,0,0,0
49,"high_need",17748,"Salt Lake County, UT",21,NA,NA,NA,NA,NA,NA,NA,NA,NA,NA,NA,0,"no_spouse_no_kids","15to30k",0,0,0,0,0,0,0,0,0,0,0,0,0,0,0,0,0,0,0,0,0,0,0,0,0,0,"rent",0,0,0,0,0,0
50,"high_need",8293,"Salt Lake County, UT",19,NA,NA,NA,NA,NA,NA,NA,NA,NA,NA,NA,0,"no_spouse_no_kids","lt15k",0,0,0,0,0,0,0,0,0,0,0,0,0,0,0,0,0,0,0,0,0,0,0,0,0,0,"rent",0,0,0,0,0,0
51,"high_need",31606,"Salt Lake County, UT",21,NA,NA,NA,NA,NA,NA,NA,NA,NA,NA,NA,0,"no_spouse_no_kids","ge30k",0,0,0,0,0,0,0,0,0,0,0,0,0,0,0,0,0,0,0,0,0,0,0,0,0,0,"rent",0,0,0,0,0,0
52,"high_need",5685,"Salt Lake County, UT",23,NA,NA,NA,NA,NA,NA,NA,NA,NA,NA,NA,0,"no_spouse_no_kids","lt15k",0,0,0,0,0,0,0,0,0,0,0,0,0,0,0,0,0,0,0,0,0,0,0,0,0,0,"rent",0,0,0,0,0,0
53,"high_need",7980,"Salt Lake County, UT",18,NA,NA,NA,NA,NA,NA,NA,NA,NA,NA,NA,0,"no_spouse_no_kids","lt15k",0,0,0,0,0,0,0,0,0,0,0,0,0,0,0,0,0,0,0,0,0,0,0,0,0,0,"rent",0,0,0,0,0,0
54,"high_need",18399,"Salt Lake County, UT",23,NA,NA,NA,NA,NA,NA,NA,NA,NA,NA,NA,0,"no_spouse_no_kids","15to30k",0,0,0,0,0,0,0,0,0,0,0,0,0,0,0,0,0,0,0,0,0,0,0,0,0,0,"rent",0,0,0,0,0,0
55,"high_need",5655,"Salt Lake County, UT",21,0,NA,NA,NA,NA,NA,NA,NA,NA,NA,NA,0,"no_spouse_with_kids","lt15k",0,0,0,0,0,0,0,0,0,0,0,0,0,0,0,0,0,0,0,0,0,0,0,0,0,0,"rent",0,0,0,0,0,0
56,"high_need",40227,"Salt Lake County, UT",22,NA,NA,NA,NA,NA,NA,NA,NA,NA,NA,NA,0,"no_spouse_no_kids","ge30k",0,0,0,0,0,0,0,0,0,0,0,0,0,0,0,0,0,0,0,0,0,0,0,0,0,0,"rent",0,0,0,0,0,0
57,"high_need",5325,"Salt Lake County, UT",21,NA,NA,NA,NA,NA,NA,NA,NA,NA,NA,NA,0,"no_spouse_no_kids","lt15k",0,0,0,0,0,0,0,0,0,0,0,0,0,0,0,0,0,0,0,0,0,0,0,0,0,0,"rent",0,0,0,0,0,0
58,"high_need",15457,"Salt Lake County, UT",18,NA,NA,NA,NA,NA,NA,NA,NA,NA,NA,NA,0,"no_spouse_no_kids","15to30k",0,0,0,0,0,0,0,0,0,0,0,0,0,0,0,0,0,0,0,0,0,0,0,0,0,0,"rent",0,0,0,0,0,0
59,"high_need",5772,"Salt Lake County, UT",18,NA,NA,NA,NA,NA,NA,NA,NA,NA,NA,NA,0,"no_spouse_no_kids","lt15k",0,0,0,0,0,0,0,0,0,0,0,0,0,0,0,0,0,0,0,0,0,0,0,0,0,0,"rent",0,0,0,0,0,0
60,"high_need",35257,"Salt Lake County, UT",24,NA,NA,NA,NA,NA,NA,NA,NA,NA,NA,NA,0,"no_spouse_no_kids","ge30k",0,0,0,0,0,0,0,0,0,0,0,0,0,0,0,0,0,0,0,0,0,0,0,0,0,0,"rent",0,0,0,0,0,0
61,"high_need",49425,"Salt Lake County, UT",20,NA,NA,NA,NA,NA,NA,NA,NA,NA,NA,NA,0,"no_spouse_no_kids","ge30k",0,0,0,0,0,0,0,0,0,0,0,0,0,0,0,0,0,0,0,0,0,0,0,0,0,0,"rent",0,0,0,0,0,0
62,"high_need",35608,"Salt Lake County, UT",22,NA,NA,NA,NA,NA,NA,NA,NA,NA,NA,NA,0,"no_spouse_no_kids","ge30k",0,0,0,0,0,0,0,0,0,0,0,0,0,0,0,0,0,0,0,0,0,0,0,0,0,0,"rent",0,0,0,0,0,0
63,"high_need",6738,"Salt Lake County, UT",23,2,NA,NA,NA,NA,NA,NA,NA,NA,NA,NA,0,"no_spouse_with_kids","lt15k",0,0,0,0,0,0,0,0,0,0,0,0,0,0,0,0,0,0,0,0,0,0,0,0,0,0,"rent",0,0,0,0,0,0
64,"high_need",3670,"Salt Lake County, UT",24,NA,NA,NA,NA,NA,NA,NA,NA,NA,NA,NA,0,"no_spouse_no_kids","lt15k",0,0,0,0,0,0,0,0,0,0,0,0,0,0,0,0,0,0,0,0,0,0,0,0,0,0,"rent",0,0,0,0,0,0
65,"high_need",3534,"Salt Lake County, UT",18,NA,NA,NA,NA,NA,NA,NA,NA,NA,NA,NA,0,"no_spouse_no_kids","lt15k",0,0,0,0,0,0,0,0,0,0,0,0,0,0,0,0,0,0,0,0,0,0,0,0,0,0,"rent",0,0,0,0,0,0
66,"high_need",20792,"Salt Lake County, UT",22,NA,NA,NA,NA,NA,NA,NA,NA,NA,NA,NA,0,"no_spouse_no_kids","15to30k",0,0,0,0,0,0,0,0,0,0,0,0,0,0,0,0,0,0,0,0,0,0,0,0,0,0,"rent",0,0,0,0,0,0
67,"high_need",4946,"Salt Lake County, UT",20,NA,NA,NA,NA,NA,NA,NA,NA,NA,NA,NA,0,"no_spouse_no_kids","lt15k",0,0,0,0,0,0,0,0,0,0,0,0,0,0,0,0,0,0,0,0,0,0,0,0,0,0,"rent",0,0,0,0,0,0
68,"high_need",41160,"Salt Lake County, UT",20,NA,NA,NA,NA,NA,NA,NA,NA,NA,NA,NA,0,"no_spouse_no_kids","ge30k",0,0,0,0,0,0,0,0,0,0,0,0,0,0,0,0,0,0,0,0,0,0,0,0,0,0,"rent",0,0,0,0,0,0
69,"high_need",6014,"Salt Lake County, UT",20,NA,NA,NA,NA,NA,NA,NA,NA,NA,NA,NA,0,"no_spouse_no_kids","lt15k",0,0,0,0,0,0,0,0,0,0,0,0,0,0,0,0,0,0,0,0,0,0,0,0,0,0,"rent",0,0,0,0,0,0
70,"high_need",63236,"Salt Lake County, UT",24,25,NA,NA,NA,NA,NA,NA,NA,NA,NA,NA,1,"spouse_no_kids","ge30k",0,0,0,0,0,0,0,0,0,0,0,0,0,0,0,0,0,0,0,0,0,0,0,0,0,0,"rent",0,0,0,0,0,0
71,"high_need",4548,"Salt Lake County, UT",19,NA,NA,NA,NA,NA,NA,NA,NA,NA,NA,NA,0,"no_spouse_no_kids","lt15k",0,0,0,0,0,0,0,0,0,0,0,0,0,0,0,0,0,0,0,0,0,0,0,0,0,0,"rent",0,0,0,0,0,0
72,"high_need",6451,"Salt Lake County, UT",20,2,NA,NA,NA,NA,NA,NA,NA,NA,NA,NA,0,"no_spouse_with_kids","lt15k",0,0,0,0,0,0,0,0,0,0,0,0,0,0,0,0,0,0,0,0,0,0,0,0,0,0,"rent",0,0,0,0,0,0
73,"high_need",52406,"Salt Lake County, UT",19,NA,NA,NA,NA,NA,NA,NA,NA,NA,NA,NA,0,"no_spouse_no_kids","ge30k",0,0,0,0,0,0,0,0,0,0,0,0,0,0,0,0,0,0,0,0,0,0,0,0,0,0,"rent",0,0,0,0,0,0
74,"high_need",61384,"Salt Lake County, UT",24,NA,NA,NA,NA,NA,NA,NA,NA,NA,NA,NA,0,"no_spouse_no_kids","ge30k",0,0,0,0,0,0,0,0,0,0,0,0,0,0,0,0,0,0,0,0,0,0,0,0,0,0,"rent",0,0,0,0,0,0
75,"high_need",15185,"Salt Lake County, UT",22,NA,NA,NA,NA,NA,NA,NA,NA,NA,NA,NA,0,"no_spouse_no_kids","15to30k",0,0,0,0,0,0,0,0,0,0,0,0,0,0,0,0,0,0,0,0,0,0,0,0,0,0,"rent",0,0,0,0,0,0
76,"high_need",31328,"Salt Lake County, UT",24,NA,NA,NA,NA,NA,NA,NA,NA,NA,NA,NA,0,"no_spouse_no_kids","ge30k",0,0,0,0,0,0,0,0,0,0,0,0,0,0,0,0,0,0,0,0,0,0,0,0,0,0,"rent",0,0,0,0,0,0
77,"high_need",17932,"Salt Lake County, UT",23,NA,NA,NA,NA,NA,NA,NA,NA,NA,NA,NA,0,"no_spouse_no_kids","15to30k",0,0,0,0,0,0,0,0,0,0,0,0,0,0,0,0,0,0,0,0,0,0,0,0,0,0,"rent",0,0,0,0,0,0
78,"high_need",2195,"Salt Lake County, UT",19,NA,NA,NA,NA,NA,NA,NA,NA,NA,NA,NA,0,"no_spouse_no_kids","lt15k",0,0,0,0,0,0,0,0,0,0,0,0,0,0,0,0,0,0,0,0,0,0,0,0,0,0,"rent",0,0,0,0,0,0
79,"high_need",15180,"Salt Lake County, UT",24,NA,NA,NA,NA,NA,NA,NA,NA,NA,NA,NA,0,"no_spouse_no_kids","15to30k",0,0,0,0,0,0,0,0,0,0,0,0,0,0,0,0,0,0,0,0,0,0,0,0,0,0,"rent",0,0,0,0,0,0
80,"high_need",19510,"Salt Lake County, UT",23,NA,NA,NA,NA,NA,NA,NA,NA,NA,NA,NA,0,"no_spouse_no_kids","15to30k",0,0,0,0,0,0,0,0,0,0,0,0,0,0,0,0,0,0,0,0,0,0,0,0,0,0,"rent",0,0,0,0,0,0
81,"high_need",33092,"Salt Lake County, UT",22,NA,NA,NA,NA,NA,NA,NA,NA,NA,NA,NA,0,"no_spouse_no_kids","ge30k",0,0,0,0,0,0,0,0,0,0,0,0,0,0,0,0,0,0,0,0,0,0,0,0,0,0,"rent",0,0,0,0,0,0
82,"high_need",1207,"Salt Lake County, UT",20,NA,NA,NA,NA,NA,NA,NA,NA,NA,NA,NA,0,"no_spouse_no_kids","lt15k",0,0,0,0,0,0,0,0,0,0,0,0,0,0,0,0,0,0,0,0,0,0,0,0,0,0,"rent",0,0,0,0,0,0
83,"high_need",51098,"Salt Lake County, UT",22,22,NA,NA,NA,NA,NA,NA,NA,NA,NA,NA,1,"spouse_no_kids","ge30k",0,0,0,0,0,0,0,0,0,0,0,0,0,0,0,0,0,0,0,0,0,0,0,0,0,0,"rent",0,0,0,0,0,0
84,"high_need",22181,"Salt Lake County, UT",20,NA,NA,NA,NA,NA,NA,NA,NA,NA,NA,NA,0,"no_spouse_no_kids","15to30k",0,0,0,0,0,0,0,0,0,0,0,0,0,0,0,0,0,0,0,0,0,0,0,0,0,0,"rent",0,0,0,0,0,0
85,"high_need",11176,"Salt Lake County, UT",24,NA,NA,NA,NA,NA,NA,NA,NA,NA,NA,NA,0,"no_spouse_no_kids","lt15k",0,0,0,0,0,0,0,0,0,0,0,0,0,0,0,0,0,0,0,0,0,0,0,0,0,0,"rent",0,0,0,0,0,0
86,"high_need",31354,"Salt Lake County, UT",21,NA,NA,NA,NA,NA,NA,NA,NA,NA,NA,NA,0,"no_spouse_no_kids","ge30k",0,0,0,0,0,0,0,0,0,0,0,0,0,0,0,0,0,0,0,0,0,0,0,0,0,0,"rent",0,0,0,0,0,0
87,"high_need",16843,"Salt Lake County, UT",18,NA,NA,NA,NA,NA,NA,NA,NA,NA,NA,NA,0,"no_spouse_no_kids","15to30k",0,0,0,0,0,0,0,0,0,0,0,0,0,0,0,0,0,0,0,0,0,0,0,0,0,0,"rent",0,0,0,0,0,0
88,"high_need",19929,"Salt Lake County, UT",20,NA,NA,NA,NA,NA,NA,NA,NA,NA,NA,NA,0,"no_spouse_no_kids","15to30k",0,0,0,0,0,0,0,0,0,0,0,0,0,0,0,0,0,0,0,0,0,0,0,0,0,0,"rent",0,0,0,0,0,0
89,"high_need",21826,"Salt Lake County, UT",18,NA,NA,NA,NA,NA,NA,NA,NA,NA,NA,NA,0,"no_spouse_no_kids","15to30k",0,0,0,0,0,0,0,0,0,0,0,0,0,0,0,0,0,0,0,0,0,0,0,0,0,0,"rent",0,0,0,0,0,0
90,"high_need",6694,"Salt Lake County, UT",23,NA,NA,NA,NA,NA,NA,NA,NA,NA,NA,NA,0,"no_spouse_no_kids","lt15k",0,0,0,0,0,0,0,0,0,0,0,0,0,0,0,0,0,0,0,0,0,0,0,0,0,0,"rent",0,0,0,0,0,0
91,"high_need",30748,"Salt Lake County, UT",23,NA,NA,NA,NA,NA,NA,NA,NA,NA,NA,NA,0,"no_spouse_no_kids","ge30k",0,0,0,0,0,0,0,0,0,0,0,0,0,0,0,0,0,0,0,0,0,0,0,0,0,0,"rent",0,0,0,0,0,0
92,"high_need",17487,"Salt Lake County, UT",20,1,NA,NA,NA,NA,NA,NA,NA,NA,NA,NA,0,"no_spouse_with_kids","15to30k",0,0,0,0,0,0,0,0,0,0,0,0,0,0,0,0,0,0,0,0,0,0,0,0,0,0,"rent",0,0,0,0,0,0
93,"high_need",86539,"Salt Lake County, UT",22,NA,NA,NA,NA,NA,NA,NA,NA,NA,NA,NA,0,"no_spouse_no_kids","ge30k",0,0,0,0,0,0,0,0,0,0,0,0,0,0,0,0,0,0,0,0,0,0,0,0,0,0,"rent",0,0,0,0,0,0
94,"high_need",15550,"Salt Lake County, UT",19,NA,NA,NA,NA,NA,NA,NA,NA,NA,NA,NA,0,"no_spouse_no_kids","15to30k",0,0,0,0,0,0,0,0,0,0,0,0,0,0,0,0,0,0,0,0,0,0,0,0,0,0,"rent",0,0,0,0,0,0
95,"high_need",4309,"Salt Lake County, UT",21,NA,NA,NA,NA,NA,NA,NA,NA,NA,NA,NA,0,"no_spouse_no_kids","lt15k",0,0,0,0,0,0,0,0,0,0,0,0,0,0,0,0,0,0,0,0,0,0,0,0,0,0,"rent",0,0,0,0,0,0
96,"high_need",4660,"Salt Lake County, UT",24,NA,NA,NA,NA,NA,NA,NA,NA,NA,NA,NA,0,"no_spouse_no_kids","lt15k",0,0,0,0,0,0,0,0,0,0,0,0,0,0,0,0,0,0,0,0,0,0,0,0,0,0,"rent",0,0,0,0,0,0
97,"high_need",7855,"Salt Lake County, UT",20,NA,NA,NA,NA,NA,NA,NA,NA,NA,NA,NA,0,"no_spouse_no_kids","lt15k",0,0,0,0,0,0,0,0,0,0,0,0,0,0,0,0,0,0,0,0,0,0,0,0,0,0,"rent",0,0,0,0,0,0
98,"high_need",4869,"Salt Lake County, UT",23,NA,NA,NA,NA,NA,NA,NA,NA,NA,NA,NA,0,"no_spouse_no_kids","lt15k",0,0,0,0,0,0,0,0,0,0,0,0,0,0,0,0,0,0,0,0,0,0,0,0,0,0,"rent",0,0,0,0,0,0
99,"high_need",18494,"Salt Lake County, UT",21,NA,NA,NA,NA,NA,NA,NA,NA,NA,NA,NA,0,"no_spouse_no_kids","15to30k",0,0,0,0,0,0,0,0,0,0,0,0,0,0,0,0,0,0,0,0,0,0,0,0,0,0,"rent",0,0,0,0,0,0
100,"high_need",15477,"Salt Lake County, UT",23,NA,NA,NA,NA,NA,NA,NA,NA,NA,NA,NA,0,"no_spouse_no_kids","15to30k",0,0,0,0,0,0,0,0,0,0,0,0,0,0,0,0,0,0,0,0,0,0,0,0,0,0,"rent",0,0,0,0,0,0
101,"high_need",17626,"Salt Lake County, UT",20,NA,NA,NA,NA,NA,NA,NA,NA,NA,NA,NA,0,"no_spouse_no_kids","15to30k",0,0,0,0,0,0,0,0,0,0,0,0,0,0,0,0,0,0,0,0,0,0,0,0,0,0,"rent",0,0,0,0,0,0
102,"high_need",6076,"Salt Lake County, UT",23,NA,NA,NA,NA,NA,NA,NA,NA,NA,NA,NA,0,"no_spouse_no_kids","lt15k",0,0,0,0,0,0,0,0,0,0,0,0,0,0,0,0,0,0,0,0,0,0,0,0,0,0,"rent",0,0,0,0,0,0
103,"high_need",62655,"Salt Lake County, UT",22,18,NA,NA,NA,NA,NA,NA,NA,NA,NA,NA,1,"spouse_no_kids","ge30k",0,0,0,0,0,0,0,0,0,0,0,0,0,0,0,0,0,0,0,0,0,0,0,0,0,0,"rent",0,0,0,0,0,0
104,"high_need",4706,"Salt Lake County, UT",20,NA,NA,NA,NA,NA,NA,NA,NA,NA,NA,NA,0,"no_spouse_no_kids","lt15k",0,0,0,0,0,0,0,0,0,0,0,0,0,0,0,0,0,0,0,0,0,0,0,0,0,0,"rent",0,0,0,0,0,0
105,"high_need",64654,"Salt Lake County, UT",21,19,NA,NA,NA,NA,NA,NA,NA,NA,NA,NA,1,"spouse_no_kids","ge30k",0,0,0,0,0,0,0,0,0,0,0,0,0,0,0,0,0,0,0,0,0,0,0,0,0,0,"rent",0,0,0,0,0,0
106,"high_need",36255,"Salt Lake County, UT",20,NA,NA,NA,NA,NA,NA,NA,NA,NA,NA,NA,0,"no_spouse_no_kids","ge30k",0,0,0,0,0,0,0,0,0,0,0,0,0,0,0,0,0,0,0,0,0,0,0,0,0,0,"rent",0,0,0,0,0,0
107,"high_need",36506,"Salt Lake County, UT",18,NA,NA,NA,NA,NA,NA,NA,NA,NA,NA,NA,0,"no_spouse_no_kids","ge30k",0,0,0,0,0,0,0,0,0,0,0,0,0,0,0,0,0,0,0,0,0,0,0,0,0,0,"rent",0,0,0,0,0,0
108,"high_need",3996,"Salt Lake County, UT",18,NA,NA,NA,NA,NA,NA,NA,NA,NA,NA,NA,0,"no_spouse_no_kids","lt15k",0,0,0,0,0,0,0,0,0,0,0,0,0,0,0,0,0,0,0,0,0,0,0,0,0,0,"rent",0,0,0,0,0,0
109,"high_need",7307,"Salt Lake County, UT",22,NA,NA,NA,NA,NA,NA,NA,NA,NA,NA,NA,0,"no_spouse_no_kids","lt15k",0,0,0,0,0,0,0,0,0,0,0,0,0,0,0,0,0,0,0,0,0,0,0,0,0,0,"rent",0,0,0,0,0,0
110,"high_need",45151,"Salt Lake County, UT",21,NA,NA,NA,NA,NA,NA,NA,NA,NA,NA,NA,0,"no_spouse_no_kids","ge30k",0,0,0,0,0,0,0,0,0,0,0,0,0,0,0,0,0,0,0,0,0,0,0,0,0,0,"rent",0,0,0,0,0,0
111,"high_need",17754,"Salt Lake County, UT",18,0,NA,NA,NA,NA,NA,NA,NA,NA,NA,NA,0,"no_spouse_with_kids","15to30k",0,0,0,0,0,0,0,0,0,0,0,0,0,0,0,0,0,0,0,0,0,0,0,0,0,0,"rent",0,0,0,0,0,0
112,"high_need",20423,"Salt Lake County, UT",21,NA,NA,NA,NA,NA,NA,NA,NA,NA,NA,NA,0,"no_spouse_no_kids","15to30k",0,0,0,0,0,0,0,0,0,0,0,0,0,0,0,0,0,0,0,0,0,0,0,0,0,0,"rent",0,0,0,0,0,0
113,"high_need",5924,"Salt Lake County, UT",23,NA,NA,NA,NA,NA,NA,NA,NA,NA,NA,NA,0,"no_spouse_no_kids","lt15k",0,0,0,0,0,0,0,0,0,0,0,0,0,0,0,0,0,0,0,0,0,0,0,0,0,0,"rent",0,0,0,0,0,0
114,"high_need",16084,"Salt Lake County, UT",19,NA,NA,NA,NA,NA,NA,NA,NA,NA,NA,NA,0,"no_spouse_no_kids","15to30k",0,0,0,0,0,0,0,0,0,0,0,0,0,0,0,0,0,0,0,0,0,0,0,0,0,0,"rent",0,0,0,0,0,0
115,"high_need",31791,"Salt Lake County, UT",19,0,NA,NA,NA,NA,NA,NA,NA,NA,NA,NA,0,"no_spouse_with_kids","ge30k",0,0,0,0,0,0,0,0,0,0,0,0,0,0,0,0,0,0,0,0,0,0,0,0,0,0,"rent",0,0,0,0,0,0
116,"high_need",54366,"Salt Lake County, UT",24,NA,NA,NA,NA,NA,NA,NA,NA,NA,NA,NA,0,"no_spouse_no_kids","ge30k",0,0,0,0,0,0,0,0,0,0,0,0,0,0,0,0,0,0,0,0,0,0,0,0,0,0,"rent",0,0,0,0,0,0
117,"high_need",16562,"Salt Lake County, UT",22,NA,NA,NA,NA,NA,NA,NA,NA,NA,NA,NA,0,"no_spouse_no_kids","15to30k",0,0,0,0,0,0,0,0,0,0,0,0,0,0,0,0,0,0,0,0,0,0,0,0,0,0,"rent",0,0,0,0,0,0
118,"high_need",17810,"Salt Lake County, UT",18,NA,NA,NA,NA,NA,NA,NA,NA,NA,NA,NA,0,"no_spouse_no_kids","15to30k",0,0,0,0,0,0,0,0,0,0,0,0,0,0,0,0,0,0,0,0,0,0,0,0,0,0,"rent",0,0,0,0,0,0
119,"high_need",46784,"Salt Lake County, UT",19,18,0,NA,NA,NA,NA,NA,NA,NA,NA,NA,1,"spouse_with_kids","ge30k",0,0,0,0,0,0,0,0,0,0,0,0,0,0,0,0,0,0,0,0,0,0,0,0,0,0,"rent",0,0,0,0,0,0
120,"high_need",9405,"Salt Lake County, UT",24,NA,NA,NA,NA,NA,NA,NA,NA,NA,NA,NA,0,"no_spouse_no_kids","lt15k",0,0,0,0,0,0,0,0,0,0,0,0,0,0,0,0,0,0,0,0,0,0,0,0,0,0,"rent",0,0,0,0,0,0
121,"high_need",19743,"Salt Lake County, UT",18,NA,NA,NA,NA,NA,NA,NA,NA,NA,NA,NA,0,"no_spouse_no_kids","15to30k",0,0,0,0,0,0,0,0,0,0,0,0,0,0,0,0,0,0,0,0,0,0,0,0,0,0,"rent",0,0,0,0,0,0
122,"high_need",61777,"Salt Lake County, UT",21,NA,NA,NA,NA,NA,NA,NA,NA,NA,NA,NA,0,"no_spouse_no_kids","ge30k",0,0,0,0,0,0,0,0,0,0,0,0,0,0,0,0,0,0,0,0,0,0,0,0,0,0,"rent",0,0,0,0,0,0
123,"high_need",2124,"Salt Lake County, UT",21,NA,NA,NA,NA,NA,NA,NA,NA,NA,NA,NA,0,"no_spouse_no_kids","lt15k",0,0,0,0,0,0,0,0,0,0,0,0,0,0,0,0,0,0,0,0,0,0,0,0,0,0,"rent",0,0,0,0,0,0
124,"high_need",5094,"Salt Lake County, UT",23,NA,NA,NA,NA,NA,NA,NA,NA,NA,NA,NA,0,"no_spouse_no_kids","lt15k",0,0,0,0,0,0,0,0,0,0,0,0,0,0,0,0,0,0,0,0,0,0,0,0,0,0,"rent",0,0,0,0,0,0
125,"high_need",22239,"Salt Lake County, UT",24,NA,NA,NA,NA,NA,NA,NA,NA,NA,NA,NA,0,"no_spouse_no_kids","15to30k",0,0,0,0,0,0,0,0,0,0,0,0,0,0,0,0,0,0,0,0,0,0,0,0,0,0,"rent",0,0,0,0,0,0
126,"high_need",4873,"Salt Lake County, UT",20,NA,NA,NA,NA,NA,NA,NA,NA,NA,NA,NA,0,"no_spouse_no_kids","lt15k",0,0,0,0,0,0,0,0,0,0,0,0,0,0,0,0,0,0,0,0,0,0,0,0,0,0,"rent",0,0,0,0,0,0
127,"high_need",2275,"Salt Lake County, UT",21,NA,NA,NA,NA,NA,NA,NA,NA,NA,NA,NA,0,"no_spouse_no_kids","lt15k",0,0,0,0,0,0,0,0,0,0,0,0,0,0,0,0,0,0,0,0,0,0,0,0,0,0,"rent",0,0,0,0,0,0
128,"high_need",77905,"Salt Lake County, UT",21,NA,NA,NA,NA,NA,NA,NA,NA,NA,NA,NA,0,"no_spouse_no_kids","ge30k",0,0,0,0,0,0,0,0,0,0,0,0,0,0,0,0,0,0,0,0,0,0,0,0,0,0,"rent",0,0,0,0,0,0
129,"high_need",8494,"Salt Lake County, UT",22,NA,NA,NA,NA,NA,NA,NA,NA,NA,NA,NA,0,"no_spouse_no_kids","lt15k",0,0,0,0,0,0,0,0,0,0,0,0,0,0,0,0,0,0,0,0,0,0,0,0,0,0,"rent",0,0,0,0,0,0
130,"high_need",5178,"Salt Lake County, UT",19,NA,NA,NA,NA,NA,NA,NA,NA,NA,NA,NA,0,"no_spouse_no_kids","lt15k",0,0,0,0,0,0,0,0,0,0,0,0,0,0,0,0,0,0,0,0,0,0,0,0,0,0,"rent",0,0,0,0,0,0
131,"high_need",46313,"Salt Lake County, UT",19,NA,NA,NA,NA,NA,NA,NA,NA,NA,NA,NA,0,"no_spouse_no_kids","ge30k",0,0,0,0,0,0,0,0,0,0,0,0,0,0,0,0,0,0,0,0,0,0,0,0,0,0,"rent",0,0,0,0,0,0
132,"high_need",21455,"Salt Lake County, UT",19,NA,NA,NA,NA,NA,NA,NA,NA,NA,NA,NA,0,"no_spouse_no_kids","15to30k",0,0,0,0,0,0,0,0,0,0,0,0,0,0,0,0,0,0,0,0,0,0,0,0,0,0,"rent",0,0,0,0,0,0
133,"high_need",40520,"Salt Lake County, UT",19,20,NA,NA,NA,NA,NA,NA,NA,NA,NA,NA,1,"spouse_no_kids","ge30k",0,0,0,0,0,0,0,0,0,0,0,0,0,0,0,0,0,0,0,0,0,0,0,0,0,0,"rent",0,0,0,0,0,0
134,"high_need",1343,"Salt Lake County, UT",19,18,2,NA,NA,NA,NA,NA,NA,NA,NA,NA,1,"spouse_with_kids","lt15k",0,0,0,0,0,0,0,0,0,0,0,0,0,0,0,0,0,0,0,0,0,0,0,0,0,0,"rent",0,0,0,0,0,0
135,"high_need",3724,"Salt Lake County, UT",24,NA,NA,NA,NA,NA,NA,NA,NA,NA,NA,NA,0,"no_spouse_no_kids","lt15k",0,0,0,0,0,0,0,0,0,0,0,0,0,0,0,0,0,0,0,0,0,0,0,0,0,0,"rent",0,0,0,0,0,0
136,"high_need",2184,"Salt Lake County, UT",18,NA,NA,NA,NA,NA,NA,NA,NA,NA,NA,NA,0,"no_spouse_no_kids","lt15k",0,0,0,0,0,0,0,0,0,0,0,0,0,0,0,0,0,0,0,0,0,0,0,0,0,0,"rent",0,0,0,0,0,0
137,"high_need",8617,"Salt Lake County, UT",20,NA,NA,NA,NA,NA,NA,NA,NA,NA,NA,NA,0,"no_spouse_no_kids","lt15k",0,0,0,0,0,0,0,0,0,0,0,0,0,0,0,0,0,0,0,0,0,0,0,0,0,0,"rent",0,0,0,0,0,0
138,"high_need",30992,"Salt Lake County, UT",18,NA,NA,NA,NA,NA,NA,NA,NA,NA,NA,NA,0,"no_spouse_no_kids","ge30k",0,0,0,0,0,0,0,0,0,0,0,0,0,0,0,0,0,0,0,0,0,0,0,0,0,0,"rent",0,0,0,0,0,0
139,"high_need",13129,"Salt Lake County, UT",18,NA,NA,NA,NA,NA,NA,NA,NA,NA,NA,NA,0,"no_spouse_no_kids","lt15k",0,0,0,0,0,0,0,0,0,0,0,0,0,0,0,0,0,0,0,0,0,0,0,0,0,0,"rent",0,0,0,0,0,0
140,"high_need",35393,"Salt Lake County, UT",22,NA,NA,NA,NA,NA,NA,NA,NA,NA,NA,NA,0,"no_spouse_no_kids","ge30k",0,0,0,0,0,0,0,0,0,0,0,0,0,0,0,0,0,0,0,0,0,0,0,0,0,0,"rent",0,0,0,0,0,0
141,"high_need",3479,"Salt Lake County, UT",21,NA,NA,NA,NA,NA,NA,NA,NA,NA,NA,NA,0,"no_spouse_no_kids","lt15k",0,0,0,0,0,0,0,0,0,0,0,0,0,0,0,0,0,0,0,0,0,0,0,0,0,0,"rent",0,0,0,0,0,0
142,"high_need",5223,"Salt Lake County, UT",23,NA,NA,NA,NA,NA,NA,NA,NA,NA,NA,NA,0,"no_spouse_no_kids","lt15k",0,0,0,0,0,0,0,0,0,0,0,0,0,0,0,0,0,0,0,0,0,0,0,0,0,0,"rent",0,0,0,0,0,0
143,"high_need",6339,"Salt Lake County, UT",23,NA,NA,NA,NA,NA,NA,NA,NA,NA,NA,NA,0,"no_spouse_no_kids","lt15k",0,0,0,0,0,0,0,0,0,0,0,0,0,0,0,0,0,0,0,0,0,0,0,0,0,0,"rent",0,0,0,0,0,0
144,"high_need",46846,"Salt Lake County, UT",24,NA,NA,NA,NA,NA,NA,NA,NA,NA,NA,NA,0,"no_spouse_no_kids","ge30k",0,0,0,0,0,0,0,0,0,0,0,0,0,0,0,0,0,0,0,0,0,0,0,0,0,0,"rent",0,0,0,0,0,0
145,"high_need",47482,"Salt Lake County, UT",19,NA,NA,NA,NA,NA,NA,NA,NA,NA,NA,NA,0,"no_spouse_no_kids","ge30k",0,0,0,0,0,0,0,0,0,0,0,0,0,0,0,0,0,0,0,0,0,0,0,0,0,0,"rent",0,0,0,0,0,0
146,"high_need",44051,"Salt Lake County, UT",22,NA,NA,NA,NA,NA,NA,NA,NA,NA,NA,NA,0,"no_spouse_no_kids","ge30k",0,0,0,0,0,0,0,0,0,0,0,0,0,0,0,0,0,0,0,0,0,0,0,0,0,0,"rent",0,0,0,0,0,0
147,"high_need",33502,"Salt Lake County, UT",22,NA,NA,NA,NA,NA,NA,NA,NA,NA,NA,NA,0,"no_spouse_no_kids","ge30k",0,0,0,0,0,0,0,0,0,0,0,0,0,0,0,0,0,0,0,0,0,0,0,0,0,0,"rent",0,0,0,0,0,0
148,"high_need",13627,"Salt Lake County, UT",24,NA,NA,NA,NA,NA,NA,NA,NA,NA,NA,NA,0,"no_spouse_no_kids","lt15k",0,0,0,0,0,0,0,0,0,0,0,0,0,0,0,0,0,0,0,0,0,0,0,0,0,0,"rent",0,0,0,0,0,0
149,"high_need",35062,"Salt Lake County, UT",22,NA,NA,NA,NA,NA,NA,NA,NA,NA,NA,NA,0,"no_spouse_no_kids","ge30k",0,0,0,0,0,0,0,0,0,0,0,0,0,0,0,0,0,0,0,0,0,0,0,0,0,0,"rent",0,0,0,0,0,0
150,"high_need",19901,"Salt Lake County, UT",18,NA,NA,NA,NA,NA,NA,NA,NA,NA,NA,NA,0,"no_spouse_no_kids","15to30k",0,0,0,0,0,0,0,0,0,0,0,0,0,0,0,0,0,0,0,0,0,0,0,0,0,0,"rent",0,0,0,0,0,0
151,"high_need",19868,"Salt Lake County, UT",20,NA,NA,NA,NA,NA,NA,NA,NA,NA,NA,NA,0,"no_spouse_no_kids","15to30k",0,0,0,0,0,0,0,0,0,0,0,0,0,0,0,0,0,0,0,0,0,0,0,0,0,0,"rent",0,0,0,0,0,0
152,"high_need",19384,"Salt Lake County, UT",24,NA,NA,NA,NA,NA,NA,NA,NA,NA,NA,NA,0,"no_spouse_no_kids","15to30k",0,0,0,0,0,0,0,0,0,0,0,0,0,0,0,0,0,0,0,0,0,0,0,0,0,0,"rent",0,0,0,0,0,0
153,"high_need",3958,"Salt Lake County, UT",23,NA,NA,NA,NA,NA,NA,NA,NA,NA,NA,NA,0,"no_spouse_no_kids","lt15k",0,0,0,0,0,0,0,0,0,0,0,0,0,0,0,0,0,0,0,0,0,0,0,0,0,0,"rent",0,0,0,0,0,0
154,"high_need",57489,"Salt Lake County, UT",24,NA,NA,NA,NA,NA,NA,NA,NA,NA,NA,NA,0,"no_spouse_no_kids","ge30k",0,0,0,0,0,0,0,0,0,0,0,0,0,0,0,0,0,0,0,0,0,0,0,0,0,0,"rent",0,0,0,0,0,0
155,"high_need",1892,"Salt Lake County, UT",23,NA,NA,NA,NA,NA,NA,NA,NA,NA,NA,NA,0,"no_spouse_no_kids","lt15k",0,0,0,0,0,0,0,0,0,0,0,0,0,0,0,0,0,0,0,0,0,0,0,0,0,0,"rent",0,0,0,0,0,0
156,"high_need",30243,"Salt Lake County, UT",24,NA,NA,NA,NA,NA,NA,NA,NA,NA,NA,NA,0,"no_spouse_no_kids","ge30k",0,0,0,0,0,0,0,0,0,0,0,0,0,0,0,0,0,0,0,0,0,0,0,0,0,0,"rent",0,0,0,0,0,0
157,"high_need",41045,"Salt Lake County, UT",21,22,NA,NA,NA,NA,NA,NA,NA,NA,NA,NA,1,"spouse_no_kids","ge30k",0,0,0,0,0,0,0,0,0,0,0,0,0,0,0,0,0,0,0,0,0,0,0,0,0,0,"rent",0,0,0,0,0,0
158,"high_need",4817,"Salt Lake County, UT",24,NA,NA,NA,NA,NA,NA,NA,NA,NA,NA,NA,0,"no_spouse_no_kids","lt15k",0,0,0,0,0,0,0,0,0,0,0,0,0,0,0,0,0,0,0,0,0,0,0,0,0,0,"rent",0,0,0,0,0,0
159,"high_need",4672,"Salt Lake County, UT",22,NA,NA,NA,NA,NA,NA,NA,NA,NA,NA,NA,0,"no_spouse_no_kids","lt15k",0,0,0,0,0,0,0,0,0,0,0,0,0,0,0,0,0,0,0,0,0,0,0,0,0,0,"rent",0,0,0,0,0,0
160,"high_need",3311,"Salt Lake County, UT",22,NA,NA,NA,NA,NA,NA,NA,NA,NA,NA,NA,0,"no_spouse_no_kids","lt15k",0,0,0,0,0,0,0,0,0,0,0,0,0,0,0,0,0,0,0,0,0,0,0,0,0,0,"rent",0,0,0,0,0,0
161,"high_need",136129,"Salt Lake County, UT",21,NA,NA,NA,NA,NA,NA,NA,NA,NA,NA,NA,0,"no_spouse_no_kids","ge30k",0,0,0,0,0,0,0,0,0,0,0,0,0,0,0,0,0,0,0,0,0,0,0,0,0,0,"rent",0,0,0,0,0,0
162,"high_need",11002,"Salt Lake County, UT",21,0,NA,NA,NA,NA,NA,NA,NA,NA,NA,NA,0,"no_spouse_with_kids","lt15k",0,0,0,0,0,0,0,0,0,0,0,0,0,0,0,0,0,0,0,0,0,0,0,0,0,0,"rent",0,0,0,0,0,0
163,"high_need",53219,"Salt Lake County, UT",18,NA,NA,NA,NA,NA,NA,NA,NA,NA,NA,NA,0,"no_spouse_no_kids","ge30k",0,0,0,0,0,0,0,0,0,0,0,0,0,0,0,0,0,0,0,0,0,0,0,0,0,0,"rent",0,0,0,0,0,0
164,"high_need",6271,"Salt Lake County, UT",22,NA,NA,NA,NA,NA,NA,NA,NA,NA,NA,NA,0,"no_spouse_no_kids","lt15k",0,0,0,0,0,0,0,0,0,0,0,0,0,0,0,0,0,0,0,0,0,0,0,0,0,0,"rent",0,0,0,0,0,0
165,"high_need",31578,"Salt Lake County, UT",23,NA,NA,NA,NA,NA,NA,NA,NA,NA,NA,NA,0,"no_spouse_no_kids","ge30k",0,0,0,0,0,0,0,0,0,0,0,0,0,0,0,0,0,0,0,0,0,0,0,0,0,0,"rent",0,0,0,0,0,0
166,"high_need",15756,"Salt Lake County, UT",23,NA,NA,NA,NA,NA,NA,NA,NA,NA,NA,NA,0,"no_spouse_no_kids","15to30k",0,0,0,0,0,0,0,0,0,0,0,0,0,0,0,0,0,0,0,0,0,0,0,0,0,0,"rent",0,0,0,0,0,0
167,"high_need",16088,"Salt Lake County, UT",19,NA,NA,NA,NA,NA,NA,NA,NA,NA,NA,NA,0,"no_spouse_no_kids","15to30k",0,0,0,0,0,0,0,0,0,0,0,0,0,0,0,0,0,0,0,0,0,0,0,0,0,0,"rent",0,0,0,0,0,0
168,"high_need",45361,"Salt Lake County, UT",24,NA,NA,NA,NA,NA,NA,NA,NA,NA,NA,NA,0,"no_spouse_no_kids","ge30k",0,0,0,0,0,0,0,0,0,0,0,0,0,0,0,0,0,0,0,0,0,0,0,0,0,0,"rent",0,0,0,0,0,0
169,"high_need",12681,"Salt Lake County, UT",23,NA,NA,NA,NA,NA,NA,NA,NA,NA,NA,NA,0,"no_spouse_no_kids","lt15k",0,0,0,0,0,0,0,0,0,0,0,0,0,0,0,0,0,0,0,0,0,0,0,0,0,0,"rent",0,0,0,0,0,0
170,"high_need",7971,"Salt Lake County, UT",21,NA,NA,NA,NA,NA,NA,NA,NA,NA,NA,NA,0,"no_spouse_no_kids","lt15k",0,0,0,0,0,0,0,0,0,0,0,0,0,0,0,0,0,0,0,0,0,0,0,0,0,0,"rent",0,0,0,0,0,0
171,"high_need",76032,"Salt Lake County, UT",20,NA,NA,NA,NA,NA,NA,NA,NA,NA,NA,NA,0,"no_spouse_no_kids","ge30k",0,0,0,0,0,0,0,0,0,0,0,0,0,0,0,0,0,0,0,0,0,0,0,0,0,0,"rent",0,0,0,0,0,0
172,"high_need",1704,"Salt Lake County, UT",23,NA,NA,NA,NA,NA,NA,NA,NA,NA,NA,NA,0,"no_spouse_no_kids","lt15k",0,0,0,0,0,0,0,0,0,0,0,0,0,0,0,0,0,0,0,0,0,0,0,0,0,0,"rent",0,0,0,0,0,0
173,"high_need",17469,"Salt Lake County, UT",18,NA,NA,NA,NA,NA,NA,NA,NA,NA,NA,NA,0,"no_spouse_no_kids","15to30k",0,0,0,0,0,0,0,0,0,0,0,0,0,0,0,0,0,0,0,0,0,0,0,0,0,0,"rent",0,0,0,0,0,0
174,"high_need",17727,"Salt Lake County, UT",19,NA,NA,NA,NA,NA,NA,NA,NA,NA,NA,NA,0,"no_spouse_no_kids","15to30k",0,0,0,0,0,0,0,0,0,0,0,0,0,0,0,0,0,0,0,0,0,0,0,0,0,0,"rent",0,0,0,0,0,0
175,"high_need",3240,"Salt Lake County, UT",19,NA,NA,NA,NA,NA,NA,NA,NA,NA,NA,NA,0,"no_spouse_no_kids","lt15k",0,0,0,0,0,0,0,0,0,0,0,0,0,0,0,0,0,0,0,0,0,0,0,0,0,0,"rent",0,0,0,0,0,0
176,"high_need",49556,"Salt Lake County, UT",19,18,NA,NA,NA,NA,NA,NA,NA,NA,NA,NA,1,"spouse_no_kids","ge30k",0,0,0,0,0,0,0,0,0,0,0,0,0,0,0,0,0,0,0,0,0,0,0,0,0,0,"rent",0,0,0,0,0,0
177,"high_need",17936,"Salt Lake County, UT",21,NA,NA,NA,NA,NA,NA,NA,NA,NA,NA,NA,0,"no_spouse_no_kids","15to30k",0,0,0,0,0,0,0,0,0,0,0,0,0,0,0,0,0,0,0,0,0,0,0,0,0,0,"rent",0,0,0,0,0,0
178,"high_need",46837,"Salt Lake County, UT",24,NA,NA,NA,NA,NA,NA,NA,NA,NA,NA,NA,0,"no_spouse_no_kids","ge30k",0,0,0,0,0,0,0,0,0,0,0,0,0,0,0,0,0,0,0,0,0,0,0,0,0,0,"rent",0,0,0,0,0,0
179,"high_need",6319,"Salt Lake County, UT",18,NA,NA,NA,NA,NA,NA,NA,NA,NA,NA,NA,0,"no_spouse_no_kids","lt15k",0,0,0,0,0,0,0,0,0,0,0,0,0,0,0,0,0,0,0,0,0,0,0,0,0,0,"rent",0,0,0,0,0,0
180,"high_need",32143,"Salt Lake County, UT",19,NA,NA,NA,NA,NA,NA,NA,NA,NA,NA,NA,0,"no_spouse_no_kids","ge30k",0,0,0,0,0,0,0,0,0,0,0,0,0,0,0,0,0,0,0,0,0,0,0,0,0,0,"rent",0,0,0,0,0,0
181,"high_need",35472,"Salt Lake County, UT",19,NA,NA,NA,NA,NA,NA,NA,NA,NA,NA,NA,0,"no_spouse_no_kids","ge30k",0,0,0,0,0,0,0,0,0,0,0,0,0,0,0,0,0,0,0,0,0,0,0,0,0,0,"rent",0,0,0,0,0,0
182,"high_need",49214,"Salt Lake County, UT",23,NA,NA,NA,NA,NA,NA,NA,NA,NA,NA,NA,0,"no_spouse_no_kids","ge30k",0,0,0,0,0,0,0,0,0,0,0,0,0,0,0,0,0,0,0,0,0,0,0,0,0,0,"rent",0,0,0,0,0,0
183,"high_need",3766,"Salt Lake County, UT",20,19,NA,NA,NA,NA,NA,NA,NA,NA,NA,NA,1,"spouse_no_kids","lt15k",0,0,0,0,0,0,0,0,0,0,0,0,0,0,0,0,0,0,0,0,0,0,0,0,0,0,"rent",0,0,0,0,0,0
184,"high_need",16752,"Salt Lake County, UT",24,1,NA,NA,NA,NA,NA,NA,NA,NA,NA,NA,0,"no_spouse_with_kids","15to30k",0,0,0,0,0,0,0,0,0,0,0,0,0,0,0,0,0,0,0,0,0,0,0,0,0,0,"rent",0,0,0,0,0,0
185,"high_need",6563,"Salt Lake County, UT",20,NA,NA,NA,NA,NA,NA,NA,NA,NA,NA,NA,0,"no_spouse_no_kids","lt15k",0,0,0,0,0,0,0,0,0,0,0,0,0,0,0,0,0,0,0,0,0,0,0,0,0,0,"rent",0,0,0,0,0,0
186,"high_need",33893,"Salt Lake County, UT",22,NA,NA,NA,NA,NA,NA,NA,NA,NA,NA,NA,0,"no_spouse_no_kids","ge30k",0,0,0,0,0,0,0,0,0,0,0,0,0,0,0,0,0,0,0,0,0,0,0,0,0,0,"rent",0,0,0,0,0,0
187,"high_need",20019,"Salt Lake County, UT",23,NA,NA,NA,NA,NA,NA,NA,NA,NA,NA,NA,0,"no_spouse_no_kids","15to30k",0,0,0,0,0,0,0,0,0,0,0,0,0,0,0,0,0,0,0,0,0,0,0,0,0,0,"rent",0,0,0,0,0,0
188,"high_need",7698,"Salt Lake County, UT",22,NA,NA,NA,NA,NA,NA,NA,NA,NA,NA,NA,0,"no_spouse_no_kids","lt15k",0,0,0,0,0,0,0,0,0,0,0,0,0,0,0,0,0,0,0,0,0,0,0,0,0,0,"rent",0,0,0,0,0,0
189,"high_need",16435,"Salt Lake County, UT",20,NA,NA,NA,NA,NA,NA,NA,NA,NA,NA,NA,0,"no_spouse_no_kids","15to30k",0,0,0,0,0,0,0,0,0,0,0,0,0,0,0,0,0,0,0,0,0,0,0,0,0,0,"rent",0,0,0,0,0,0
190,"high_need",17818,"Salt Lake County, UT",20,NA,NA,NA,NA,NA,NA,NA,NA,NA,NA,NA,0,"no_spouse_no_kids","15to30k",0,0,0,0,0,0,0,0,0,0,0,0,0,0,0,0,0,0,0,0,0,0,0,0,0,0,"rent",0,0,0,0,0,0
191,"high_need",40353,"Salt Lake County, UT",24,NA,NA,NA,NA,NA,NA,NA,NA,NA,NA,NA,0,"no_spouse_no_kids","ge30k",0,0,0,0,0,0,0,0,0,0,0,0,0,0,0,0,0,0,0,0,0,0,0,0,0,0,"rent",0,0,0,0,0,0
192,"high_need",33360,"Salt Lake County, UT",24,NA,NA,NA,NA,NA,NA,NA,NA,NA,NA,NA,0,"no_spouse_no_kids","ge30k",0,0,0,0,0,0,0,0,0,0,0,0,0,0,0,0,0,0,0,0,0,0,0,0,0,0,"rent",0,0,0,0,0,0
193,"high_need",37892,"Salt Lake County, UT",18,0,NA,NA,NA,NA,NA,NA,NA,NA,NA,NA,0,"no_spouse_with_kids","ge30k",0,0,0,0,0,0,0,0,0,0,0,0,0,0,0,0,0,0,0,0,0,0,0,0,0,0,"rent",0,0,0,0,0,0
194,"high_need",19039,"Salt Lake County, UT",20,NA,NA,NA,NA,NA,NA,NA,NA,NA,NA,NA,0,"no_spouse_no_kids","15to30k",0,0,0,0,0,0,0,0,0,0,0,0,0,0,0,0,0,0,0,0,0,0,0,0,0,0,"rent",0,0,0,0,0,0
195,"high_need",6763,"Salt Lake County, UT",18,NA,NA,NA,NA,NA,NA,NA,NA,NA,NA,NA,0,"no_spouse_no_kids","lt15k",0,0,0,0,0,0,0,0,0,0,0,0,0,0,0,0,0,0,0,0,0,0,0,0,0,0,"rent",0,0,0,0,0,0
196,"high_need",20607,"Salt Lake County, UT",23,NA,NA,NA,NA,NA,NA,NA,NA,NA,NA,NA,0,"no_spouse_no_kids","15to30k",0,0,0,0,0,0,0,0,0,0,0,0,0,0,0,0,0,0,0,0,0,0,0,0,0,0,"rent",0,0,0,0,0,0
197,"high_need",19793,"Salt Lake County, UT",22,NA,NA,NA,NA,NA,NA,NA,NA,NA,NA,NA,0,"no_spouse_no_kids","15to30k",0,0,0,0,0,0,0,0,0,0,0,0,0,0,0,0,0,0,0,0,0,0,0,0,0,0,"rent",0,0,0,0,0,0
198,"high_need",5096,"Salt Lake County, UT",19,NA,NA,NA,NA,NA,NA,NA,NA,NA,NA,NA,0,"no_spouse_no_kids","lt15k",0,0,0,0,0,0,0,0,0,0,0,0,0,0,0,0,0,0,0,0,0,0,0,0,0,0,"rent",0,0,0,0,0,0
199,"high_need",73192,"Salt Lake County, UT",24,NA,NA,NA,NA,NA,NA,NA,NA,NA,NA,NA,0,"no_spouse_no_kids","ge30k",0,0,0,0,0,0,0,0,0,0,0,0,0,0,0,0,0,0,0,0,0,0,0,0,0,0,"rent",0,0,0,0,0,0
200,"high_need",3569,"Salt Lake County, UT",18,NA,NA,NA,NA,NA,NA,NA,NA,NA,NA,NA,0,"no_spouse_no_kids","lt15k",0,0,0,0,0,0,0,0,0,0,0,0,0,0,0,0,0,0,0,0,0,0,0,0,0,0,"rent",0,0,0,0,0,0
201,"high_need",20682,"Salt Lake County, UT",24,NA,NA,NA,NA,NA,NA,NA,NA,NA,NA,NA,0,"no_spouse_no_kids","15to30k",0,0,0,0,0,0,0,0,0,0,0,0,0,0,0,0,0,0,0,0,0,0,0,0,0,0,"rent",0,0,0,0,0,0
202,"high_need",16434,"Salt Lake County, UT",20,NA,NA,NA,NA,NA,NA,NA,NA,NA,NA,NA,0,"no_spouse_no_kids","15to30k",0,0,0,0,0,0,0,0,0,0,0,0,0,0,0,0,0,0,0,0,0,0,0,0,0,0,"rent",0,0,0,0,0,0
203,"high_need",1632,"Salt Lake County, UT",18,NA,NA,NA,NA,NA,NA,NA,NA,NA,NA,NA,0,"no_spouse_no_kids","lt15k",0,0,0,0,0,0,0,0,0,0,0,0,0,0,0,0,0,0,0,0,0,0,0,0,0,0,"rent",0,0,0,0,0,0
204,"high_need",6523,"Salt Lake County, UT",21,NA,NA,NA,NA,NA,NA,NA,NA,NA,NA,NA,0,"no_spouse_no_kids","lt15k",0,0,0,0,0,0,0,0,0,0,0,0,0,0,0,0,0,0,0,0,0,0,0,0,0,0,"rent",0,0,0,0,0,0
205,"high_need",40907,"Salt Lake County, UT",23,NA,NA,NA,NA,NA,NA,NA,NA,NA,NA,NA,0,"no_spouse_no_kids","ge30k",0,0,0,0,0,0,0,0,0,0,0,0,0,0,0,0,0,0,0,0,0,0,0,0,0,0,"rent",0,0,0,0,0,0
206,"high_need",8267,"Salt Lake County, UT",18,NA,NA,NA,NA,NA,NA,NA,NA,NA,NA,NA,0,"no_spouse_no_kids","lt15k",0,0,0,0,0,0,0,0,0,0,0,0,0,0,0,0,0,0,0,0,0,0,0,0,0,0,"rent",0,0,0,0,0,0
207,"high_need",30289,"Salt Lake County, UT",22,22,NA,NA,NA,NA,NA,NA,NA,NA,NA,NA,1,"spouse_no_kids","ge30k",0,0,0,0,0,0,0,0,0,0,0,0,0,0,0,0,0,0,0,0,0,0,0,0,0,0,"rent",0,0,0,0,0,0
208,"high_need",5261,"Salt Lake County, UT",22,NA,NA,NA,NA,NA,NA,NA,NA,NA,NA,NA,0,"no_spouse_no_kids","lt15k",0,0,0,0,0,0,0,0,0,0,0,0,0,0,0,0,0,0,0,0,0,0,0,0,0,0,"rent",0,0,0,0,0,0
209,"high_need",7761,"Salt Lake County, UT",22,NA,NA,NA,NA,NA,NA,NA,NA,NA,NA,NA,0,"no_spouse_no_kids","lt15k",0,0,0,0,0,0,0,0,0,0,0,0,0,0,0,0,0,0,0,0,0,0,0,0,0,0,"rent",0,0,0,0,0,0
210,"high_need",12183,"Salt Lake County, UT",21,NA,NA,NA,NA,NA,NA,NA,NA,NA,NA,NA,0,"no_spouse_no_kids","lt15k",0,0,0,0,0,0,0,0,0,0,0,0,0,0,0,0,0,0,0,0,0,0,0,0,0,0,"rent",0,0,0,0,0,0
211,"high_need",18778,"Salt Lake County, UT",23,NA,NA,NA,NA,NA,NA,NA,NA,NA,NA,NA,0,"no_spouse_no_kids","15to30k",0,0,0,0,0,0,0,0,0,0,0,0,0,0,0,0,0,0,0,0,0,0,0,0,0,0,"rent",0,0,0,0,0,0
212,"high_need",42620,"Salt Lake County, UT",24,NA,NA,NA,NA,NA,NA,NA,NA,NA,NA,NA,0,"no_spouse_no_kids","ge30k",0,0,0,0,0,0,0,0,0,0,0,0,0,0,0,0,0,0,0,0,0,0,0,0,0,0,"rent",0,0,0,0,0,0
213,"high_need",11301,"Salt Lake County, UT",23,NA,NA,NA,NA,NA,NA,NA,NA,NA,NA,NA,0,"no_spouse_no_kids","lt15k",0,0,0,0,0,0,0,0,0,0,0,0,0,0,0,0,0,0,0,0,0,0,0,0,0,0,"rent",0,0,0,0,0,0
214,"high_need",19046,"Salt Lake County, UT",19,NA,NA,NA,NA,NA,NA,NA,NA,NA,NA,NA,0,"no_spouse_no_kids","15to30k",0,0,0,0,0,0,0,0,0,0,0,0,0,0,0,0,0,0,0,0,0,0,0,0,0,0,"rent",0,0,0,0,0,0
215,"high_need",4015,"Salt Lake County, UT",22,NA,NA,NA,NA,NA,NA,NA,NA,NA,NA,NA,0,"no_spouse_no_kids","lt15k",0,0,0,0,0,0,0,0,0,0,0,0,0,0,0,0,0,0,0,0,0,0,0,0,0,0,"rent",0,0,0,0,0,0
216,"high_need",23851,"Salt Lake County, UT",19,NA,NA,NA,NA,NA,NA,NA,NA,NA,NA,NA,0,"no_spouse_no_kids","15to30k",0,0,0,0,0,0,0,0,0,0,0,0,0,0,0,0,0,0,0,0,0,0,0,0,0,0,"rent",0,0,0,0,0,0
217,"high_need",21799,"Salt Lake County, UT",24,NA,NA,NA,NA,NA,NA,NA,NA,NA,NA,NA,0,"no_spouse_no_kids","15to30k",0,0,0,0,0,0,0,0,0,0,0,0,0,0,0,0,0,0,0,0,0,0,0,0,0,0,"rent",0,0,0,0,0,0
218,"high_need",16338,"Salt Lake County, UT",23,NA,NA,NA,NA,NA,NA,NA,NA,NA,NA,NA,0,"no_spouse_no_kids","15to30k",0,0,0,0,0,0,0,0,0,0,0,0,0,0,0,0,0,0,0,0,0,0,0,0,0,0,"rent",0,0,0,0,0,0
219,"high_need",19052,"Salt Lake County, UT",18,NA,NA,NA,NA,NA,NA,NA,NA,NA,NA,NA,0,"no_spouse_no_kids","15to30k",0,0,0,0,0,0,0,0,0,0,0,0,0,0,0,0,0,0,0,0,0,0,0,0,0,0,"rent",0,0,0,0,0,0
220,"high_need",7140,"Salt Lake County, UT",20,NA,NA,NA,NA,NA,NA,NA,NA,NA,NA,NA,0,"no_spouse_no_kids","lt15k",0,0,0,0,0,0,0,0,0,0,0,0,0,0,0,0,0,0,0,0,0,0,0,0,0,0,"rent",0,0,0,0,0,0
221,"high_need",22483,"Salt Lake County, UT",23,NA,NA,NA,NA,NA,NA,NA,NA,NA,NA,NA,0,"no_spouse_no_kids","15to30k",0,0,0,0,0,0,0,0,0,0,0,0,0,0,0,0,0,0,0,0,0,0,0,0,0,0,"rent",0,0,0,0,0,0
222,"high_need",3393,"Salt Lake County, UT",20,NA,NA,NA,NA,NA,NA,NA,NA,NA,NA,NA,0,"no_spouse_no_kids","lt15k",0,0,0,0,0,0,0,0,0,0,0,0,0,0,0,0,0,0,0,0,0,0,0,0,0,0,"rent",0,0,0,0,0,0
223,"high_need",47699,"Salt Lake County, UT",19,NA,NA,NA,NA,NA,NA,NA,NA,NA,NA,NA,0,"no_spouse_no_kids","ge30k",0,0,0,0,0,0,0,0,0,0,0,0,0,0,0,0,0,0,0,0,0,0,0,0,0,0,"rent",0,0,0,0,0,0
224,"high_need",7569,"Salt Lake County, UT",18,NA,NA,NA,NA,NA,NA,NA,NA,NA,NA,NA,0,"no_spouse_no_kids","lt15k",0,0,0,0,0,0,0,0,0,0,0,0,0,0,0,0,0,0,0,0,0,0,0,0,0,0,"rent",0,0,0,0,0,0
225,"high_need",38785,"Salt Lake County, UT",23,22,1,NA,NA,NA,NA,NA,NA,NA,NA,NA,1,"spouse_with_kids","ge30k",0,0,0,0,0,0,0,0,0,0,0,0,0,0,0,0,0,0,0,0,0,0,0,0,0,0,"rent",0,0,0,0,0,0
226,"high_need",5325,"Salt Lake County, UT",22,NA,NA,NA,NA,NA,NA,NA,NA,NA,NA,NA,0,"no_spouse_no_kids","lt15k",0,0,0,0,0,0,0,0,0,0,0,0,0,0,0,0,0,0,0,0,0,0,0,0,0,0,"rent",0,0,0,0,0,0
227,"high_need",39356,"Salt Lake County, UT",23,NA,NA,NA,NA,NA,NA,NA,NA,NA,NA,NA,0,"no_spouse_no_kids","ge30k",0,0,0,0,0,0,0,0,0,0,0,0,0,0,0,0,0,0,0,0,0,0,0,0,0,0,"rent",0,0,0,0,0,0
228,"high_need",6333,"Salt Lake County, UT",24,NA,NA,NA,NA,NA,NA,NA,NA,NA,NA,NA,0,"no_spouse_no_kids","lt15k",0,0,0,0,0,0,0,0,0,0,0,0,0,0,0,0,0,0,0,0,0,0,0,0,0,0,"rent",0,0,0,0,0,0
229,"high_need",35834,"Salt Lake County, UT",20,NA,NA,NA,NA,NA,NA,NA,NA,NA,NA,NA,0,"no_spouse_no_kids","ge30k",0,0,0,0,0,0,0,0,0,0,0,0,0,0,0,0,0,0,0,0,0,0,0,0,0,0,"rent",0,0,0,0,0,0
230,"high_need",36452,"Salt Lake County, UT",20,NA,NA,NA,NA,NA,NA,NA,NA,NA,NA,NA,0,"no_spouse_no_kids","ge30k",0,0,0,0,0,0,0,0,0,0,0,0,0,0,0,0,0,0,0,0,0,0,0,0,0,0,"rent",0,0,0,0,0,0
231,"high_need",15549,"Salt Lake County, UT",19,NA,NA,NA,NA,NA,NA,NA,NA,NA,NA,NA,0,"no_spouse_no_kids","15to30k",0,0,0,0,0,0,0,0,0,0,0,0,0,0,0,0,0,0,0,0,0,0,0,0,0,0,"rent",0,0,0,0,0,0
232,"high_need",21869,"Salt Lake County, UT",21,NA,NA,NA,NA,NA,NA,NA,NA,NA,NA,NA,0,"no_spouse_no_kids","15to30k",0,0,0,0,0,0,0,0,0,0,0,0,0,0,0,0,0,0,0,0,0,0,0,0,0,0,"rent",0,0,0,0,0,0
233,"high_need",33726,"Salt Lake County, UT",21,NA,NA,NA,NA,NA,NA,NA,NA,NA,NA,NA,0,"no_spouse_no_kids","ge30k",0,0,0,0,0,0,0,0,0,0,0,0,0,0,0,0,0,0,0,0,0,0,0,0,0,0,"rent",0,0,0,0,0,0
234,"high_need",2923,"Salt Lake County, UT",24,NA,NA,NA,NA,NA,NA,NA,NA,NA,NA,NA,0,"no_spouse_no_kids","lt15k",0,0,0,0,0,0,0,0,0,0,0,0,0,0,0,0,0,0,0,0,0,0,0,0,0,0,"rent",0,0,0,0,0,0
235,"high_need",9116,"Salt Lake County, UT",23,NA,NA,NA,NA,NA,NA,NA,NA,NA,NA,NA,0,"no_spouse_no_kids","lt15k",0,0,0,0,0,0,0,0,0,0,0,0,0,0,0,0,0,0,0,0,0,0,0,0,0,0,"rent",0,0,0,0,0,0
236,"high_need",5247,"Salt Lake County, UT",21,NA,NA,NA,NA,NA,NA,NA,NA,NA,NA,NA,0,"no_spouse_no_kids","lt15k",0,0,0,0,0,0,0,0,0,0,0,0,0,0,0,0,0,0,0,0,0,0,0,0,0,0,"rent",0,0,0,0,0,0
237,"high_need",22093,"Salt Lake County, UT",23,NA,NA,NA,NA,NA,NA,NA,NA,NA,NA,NA,0,"no_spouse_no_kids","15to30k",0,0,0,0,0,0,0,0,0,0,0,0,0,0,0,0,0,0,0,0,0,0,0,0,0,0,"rent",0,0,0,0,0,0
238,"high_need",17986,"Salt Lake County, UT",20,0,NA,NA,NA,NA,NA,NA,NA,NA,NA,NA,0,"no_spouse_with_kids","15to30k",0,0,0,0,0,0,0,0,0,0,0,0,0,0,0,0,0,0,0,0,0,0,0,0,0,0,"rent",0,0,0,0,0,0
239,"high_need",39936,"Salt Lake County, UT",22,NA,NA,NA,NA,NA,NA,NA,NA,NA,NA,NA,0,"no_spouse_no_kids","ge30k",0,0,0,0,0,0,0,0,0,0,0,0,0,0,0,0,0,0,0,0,0,0,0,0,0,0,"rent",0,0,0,0,0,0
240,"high_need",61103,"Salt Lake County, UT",19,NA,NA,NA,NA,NA,NA,NA,NA,NA,NA,NA,0,"no_spouse_no_kids","ge30k",0,0,0,0,0,0,0,0,0,0,0,0,0,0,0,0,0,0,0,0,0,0,0,0,0,0,"rent",0,0,0,0,0,0
241,"high_need",4162,"Salt Lake County, UT",24,24,NA,NA,NA,NA,NA,NA,NA,NA,NA,NA,1,"spouse_no_kids","lt15k",0,0,0,0,0,0,0,0,0,0,0,0,0,0,0,0,0,0,0,0,0,0,0,0,0,0,"rent",0,0,0,0,0,0
242,"high_need",5270,"Salt Lake County, UT",18,18,NA,NA,NA,NA,NA,NA,NA,NA,NA,NA,1,"spouse_no_kids","lt15k",0,0,0,0,0,0,0,0,0,0,0,0,0,0,0,0,0,0,0,0,0,0,0,0,0,0,"rent",0,0,0,0,0,0
243,"high_need",5729,"Salt Lake County, UT",21,NA,NA,NA,NA,NA,NA,NA,NA,NA,NA,NA,0,"no_spouse_no_kids","lt15k",0,0,0,0,0,0,0,0,0,0,0,0,0,0,0,0,0,0,0,0,0,0,0,0,0,0,"rent",0,0,0,0,0,0
244,"high_need",16144,"Salt Lake County, UT",19,NA,NA,NA,NA,NA,NA,NA,NA,NA,NA,NA,0,"no_spouse_no_kids","15to30k",0,0,0,0,0,0,0,0,0,0,0,0,0,0,0,0,0,0,0,0,0,0,0,0,0,0,"rent",0,0,0,0,0,0
245,"high_need",10411,"Salt Lake County, UT",23,NA,NA,NA,NA,NA,NA,NA,NA,NA,NA,NA,0,"no_spouse_no_kids","lt15k",0,0,0,0,0,0,0,0,0,0,0,0,0,0,0,0,0,0,0,0,0,0,0,0,0,0,"rent",0,0,0,0,0,0
246,"high_need",2168,"Salt Lake County, UT",19,NA,NA,NA,NA,NA,NA,NA,NA,NA,NA,NA,0,"no_spouse_no_kids","lt15k",0,0,0,0,0,0,0,0,0,0,0,0,0,0,0,0,0,0,0,0,0,0,0,0,0,0,"rent",0,0,0,0,0,0
247,"high_need",37740,"Salt Lake County, UT",22,3,NA,NA,NA,NA,NA,NA,NA,NA,NA,NA,0,"no_spouse_with_kids","ge30k",0,0,0,0,0,0,0,0,0,0,0,0,0,0,0,0,0,0,0,0,0,0,0,0,0,0,"rent",0,0,0,0,0,0
248,"high_need",12877,"Salt Lake County, UT",20,NA,NA,NA,NA,NA,NA,NA,NA,NA,NA,NA,0,"no_spouse_no_kids","lt15k",0,0,0,0,0,0,0,0,0,0,0,0,0,0,0,0,0,0,0,0,0,0,0,0,0,0,"rent",0,0,0,0,0,0
249,"high_need",20419,"Salt Lake County, UT",19,NA,NA,NA,NA,NA,NA,NA,NA,NA,NA,NA,0,"no_spouse_no_kids","15to30k",0,0,0,0,0,0,0,0,0,0,0,0,0,0,0,0,0,0,0,0,0,0,0,0,0,0,"rent",0,0,0,0,0,0
250,"high_need",62748,"Salt Lake County, UT",18,NA,NA,NA,NA,NA,NA,NA,NA,NA,NA,NA,0,"no_spouse_no_kids","ge30k",0,0,0,0,0,0,0,0,0,0,0,0,0,0,0,0,0,0,0,0,0,0,0,0,0,0,"rent",0,0,0,0,0,0
251,"high_need",3180,"Salt Lake County, UT",21,NA,NA,NA,NA,NA,NA,NA,NA,NA,NA,NA,0,"no_spouse_no_kids","lt15k",0,0,0,0,0,0,0,0,0,0,0,0,0,0,0,0,0,0,0,0,0,0,0,0,0,0,"rent",0,0,0,0,0,0
252,"high_need",22884,"Salt Lake County, UT",24,NA,NA,NA,NA,NA,NA,NA,NA,NA,NA,NA,0,"no_spouse_no_kids","15to30k",0,0,0,0,0,0,0,0,0,0,0,0,0,0,0,0,0,0,0,0,0,0,0,0,0,0,"rent",0,0,0,0,0,0
253,"high_need",6024,"Salt Lake County, UT",20,NA,NA,NA,NA,NA,NA,NA,NA,NA,NA,NA,0,"no_spouse_no_kids","lt15k",0,0,0,0,0,0,0,0,0,0,0,0,0,0,0,0,0,0,0,0,0,0,0,0,0,0,"rent",0,0,0,0,0,0
254,"high_need",45737,"Salt Lake County, UT",22,NA,NA,NA,NA,NA,NA,NA,NA,NA,NA,NA,0,"no_spouse_no_kids","ge30k",0,0,0,0,0,0,0,0,0,0,0,0,0,0,0,0,0,0,0,0,0,0,0,0,0,0,"rent",0,0,0,0,0,0
255,"high_need",53011,"Salt Lake County, UT",22,NA,NA,NA,NA,NA,NA,NA,NA,NA,NA,NA,0,"no_spouse_no_kids","ge30k",0,0,0,0,0,0,0,0,0,0,0,0,0,0,0,0,0,0,0,0,0,0,0,0,0,0,"rent",0,0,0,0,0,0
256,"high_need",3537,"Salt Lake County, UT",20,NA,NA,NA,NA,NA,NA,NA,NA,NA,NA,NA,0,"no_spouse_no_kids","lt15k",0,0,0,0,0,0,0,0,0,0,0,0,0,0,0,0,0,0,0,0,0,0,0,0,0,0,"rent",0,0,0,0,0,0
257,"high_need",7695,"Salt Lake County, UT",24,NA,NA,NA,NA,NA,NA,NA,NA,NA,NA,NA,0,"no_spouse_no_kids","lt15k",0,0,0,0,0,0,0,0,0,0,0,0,0,0,0,0,0,0,0,0,0,0,0,0,0,0,"rent",0,0,0,0,0,0
258,"high_need",7016,"Salt Lake County, UT",23,NA,NA,NA,NA,NA,NA,NA,NA,NA,NA,NA,0,"no_spouse_no_kids","lt15k",0,0,0,0,0,0,0,0,0,0,0,0,0,0,0,0,0,0,0,0,0,0,0,0,0,0,"rent",0,0,0,0,0,0
259,"high_need",17460,"Salt Lake County, UT",23,NA,NA,NA,NA,NA,NA,NA,NA,NA,NA,NA,0,"no_spouse_no_kids","15to30k",0,0,0,0,0,0,0,0,0,0,0,0,0,0,0,0,0,0,0,0,0,0,0,0,0,0,"rent",0,0,0,0,0,0
260,"high_need",59490,"Salt Lake County, UT",18,NA,NA,NA,NA,NA,NA,NA,NA,NA,NA,NA,0,"no_spouse_no_kids","ge30k",0,0,0,0,0,0,0,0,0,0,0,0,0,0,0,0,0,0,0,0,0,0,0,0,0,0,"rent",0,0,0,0,0,0
261,"high_need",15921,"Salt Lake County, UT",19,NA,NA,NA,NA,NA,NA,NA,NA,NA,NA,NA,0,"no_spouse_no_kids","15to30k",0,0,0,0,0,0,0,0,0,0,0,0,0,0,0,0,0,0,0,0,0,0,0,0,0,0,"rent",0,0,0,0,0,0
262,"high_need",6732,"Salt Lake County, UT",19,20,NA,NA,NA,NA,NA,NA,NA,NA,NA,NA,1,"spouse_no_kids","lt15k",0,0,0,0,0,0,0,0,0,0,0,0,0,0,0,0,0,0,0,0,0,0,0,0,0,0,"rent",0,0,0,0,0,0
263,"high_need",18263,"Salt Lake County, UT",18,NA,NA,NA,NA,NA,NA,NA,NA,NA,NA,NA,0,"no_spouse_no_kids","15to30k",0,0,0,0,0,0,0,0,0,0,0,0,0,0,0,0,0,0,0,0,0,0,0,0,0,0,"rent",0,0,0,0,0,0
264,"high_need",4100,"Salt Lake County, UT",18,18,NA,NA,NA,NA,NA,NA,NA,NA,NA,NA,1,"spouse_no_kids","lt15k",0,0,0,0,0,0,0,0,0,0,0,0,0,0,0,0,0,0,0,0,0,0,0,0,0,0,"rent",0,0,0,0,0,0
265,"high_need",42319,"Salt Lake County, UT",23,NA,NA,NA,NA,NA,NA,NA,NA,NA,NA,NA,0,"no_spouse_no_kids","ge30k",0,0,0,0,0,0,0,0,0,0,0,0,0,0,0,0,0,0,0,0,0,0,0,0,0,0,"rent",0,0,0,0,0,0
266,"high_need",2282,"Salt Lake County, UT",20,NA,NA,NA,NA,NA,NA,NA,NA,NA,NA,NA,0,"no_spouse_no_kids","lt15k",0,0,0,0,0,0,0,0,0,0,0,0,0,0,0,0,0,0,0,0,0,0,0,0,0,0,"rent",0,0,0,0,0,0
267,"high_need",63294,"Salt Lake County, UT",23,NA,NA,NA,NA,NA,NA,NA,NA,NA,NA,NA,0,"no_spouse_no_kids","ge30k",0,0,0,0,0,0,0,0,0,0,0,0,0,0,0,0,0,0,0,0,0,0,0,0,0,0,"rent",0,0,0,0,0,0
268,"high_need",40546,"Salt Lake County, UT",24,NA,NA,NA,NA,NA,NA,NA,NA,NA,NA,NA,0,"no_spouse_no_kids","ge30k",0,0,0,0,0,0,0,0,0,0,0,0,0,0,0,0,0,0,0,0,0,0,0,0,0,0,"rent",0,0,0,0,0,0
269,"high_need",38420,"Salt Lake County, UT",21,NA,NA,NA,NA,NA,NA,NA,NA,NA,NA,NA,0,"no_spouse_no_kids","ge30k",0,0,0,0,0,0,0,0,0,0,0,0,0,0,0,0,0,0,0,0,0,0,0,0,0,0,"rent",0,0,0,0,0,0
270,"high_need",71279,"Salt Lake County, UT",22,22,0,NA,NA,NA,NA,NA,NA,NA,NA,NA,1,"spouse_with_kids","ge30k",0,0,0,0,0,0,0,0,0,0,0,0,0,0,0,0,0,0,0,0,0,0,0,0,0,0,"rent",0,0,0,0,0,0
271,"high_need",45364,"Salt Lake County, UT",19,NA,NA,NA,NA,NA,NA,NA,NA,NA,NA,NA,0,"no_spouse_no_kids","ge30k",0,0,0,0,0,0,0,0,0,0,0,0,0,0,0,0,0,0,0,0,0,0,0,0,0,0,"rent",0,0,0,0,0,0
272,"high_need",32728,"Salt Lake County, UT",22,NA,NA,NA,NA,NA,NA,NA,NA,NA,NA,NA,0,"no_spouse_no_kids","ge30k",0,0,0,0,0,0,0,0,0,0,0,0,0,0,0,0,0,0,0,0,0,0,0,0,0,0,"rent",0,0,0,0,0,0
273,"high_need",17862,"Salt Lake County, UT",22,NA,NA,NA,NA,NA,NA,NA,NA,NA,NA,NA,0,"no_spouse_no_kids","15to30k",0,0,0,0,0,0,0,0,0,0,0,0,0,0,0,0,0,0,0,0,0,0,0,0,0,0,"rent",0,0,0,0,0,0
274,"high_need",4811,"Salt Lake County, UT",21,NA,NA,NA,NA,NA,NA,NA,NA,NA,NA,NA,0,"no_spouse_no_kids","lt15k",0,0,0,0,0,0,0,0,0,0,0,0,0,0,0,0,0,0,0,0,0,0,0,0,0,0,"rent",0,0,0,0,0,0
275,"high_need",7365,"Salt Lake County, UT",20,NA,NA,NA,NA,NA,NA,NA,NA,NA,NA,NA,0,"no_spouse_no_kids","lt15k",0,0,0,0,0,0,0,0,0,0,0,0,0,0,0,0,0,0,0,0,0,0,0,0,0,0,"rent",0,0,0,0,0,0
276,"high_need",53143,"Salt Lake County, UT",20,NA,NA,NA,NA,NA,NA,NA,NA,NA,NA,NA,0,"no_spouse_no_kids","ge30k",0,0,0,0,0,0,0,0,0,0,0,0,0,0,0,0,0,0,0,0,0,0,0,0,0,0,"rent",0,0,0,0,0,0
277,"high_need",50821,"Salt Lake County, UT",19,NA,NA,NA,NA,NA,NA,NA,NA,NA,NA,NA,0,"no_spouse_no_kids","ge30k",0,0,0,0,0,0,0,0,0,0,0,0,0,0,0,0,0,0,0,0,0,0,0,0,0,0,"rent",0,0,0,0,0,0
278,"high_need",51113,"Salt Lake County, UT",23,NA,NA,NA,NA,NA,NA,NA,NA,NA,NA,NA,0,"no_spouse_no_kids","ge30k",0,0,0,0,0,0,0,0,0,0,0,0,0,0,0,0,0,0,0,0,0,0,0,0,0,0,"rent",0,0,0,0,0,0
279,"high_need",75354,"Salt Lake County, UT",24,NA,NA,NA,NA,NA,NA,NA,NA,NA,NA,NA,0,"no_spouse_no_kids","ge30k",0,0,0,0,0,0,0,0,0,0,0,0,0,0,0,0,0,0,0,0,0,0,0,0,0,0,"rent",0,0,0,0,0,0
280,"high_need",15227,"Salt Lake County, UT",18,NA,NA,NA,NA,NA,NA,NA,NA,NA,NA,NA,0,"no_spouse_no_kids","15to30k",0,0,0,0,0,0,0,0,0,0,0,0,0,0,0,0,0,0,0,0,0,0,0,0,0,0,"rent",0,0,0,0,0,0
281,"high_need",8012,"Salt Lake County, UT",20,18,NA,NA,NA,NA,NA,NA,NA,NA,NA,NA,1,"spouse_no_kids","lt15k",0,0,0,0,0,0,0,0,0,0,0,0,0,0,0,0,0,0,0,0,0,0,0,0,0,0,"rent",0,0,0,0,0,0
282,"high_need",18980,"Salt Lake County, UT",23,NA,NA,NA,NA,NA,NA,NA,NA,NA,NA,NA,0,"no_spouse_no_kids","15to30k",0,0,0,0,0,0,0,0,0,0,0,0,0,0,0,0,0,0,0,0,0,0,0,0,0,0,"rent",0,0,0,0,0,0
283,"high_need",4591,"Salt Lake County, UT",24,NA,NA,NA,NA,NA,NA,NA,NA,NA,NA,NA,0,"no_spouse_no_kids","lt15k",0,0,0,0,0,0,0,0,0,0,0,0,0,0,0,0,0,0,0,0,0,0,0,0,0,0,"rent",0,0,0,0,0,0
284,"high_need",34898,"Salt Lake County, UT",22,NA,NA,NA,NA,NA,NA,NA,NA,NA,NA,NA,0,"no_spouse_no_kids","ge30k",0,0,0,0,0,0,0,0,0,0,0,0,0,0,0,0,0,0,0,0,0,0,0,0,0,0,"rent",0,0,0,0,0,0
285,"high_need",35822,"Salt Lake County, UT",21,NA,NA,NA,NA,NA,NA,NA,NA,NA,NA,NA,0,"no_spouse_no_kids","ge30k",0,0,0,0,0,0,0,0,0,0,0,0,0,0,0,0,0,0,0,0,0,0,0,0,0,0,"rent",0,0,0,0,0,0
286,"high_need",5045,"Salt Lake County, UT",21,NA,NA,NA,NA,NA,NA,NA,NA,NA,NA,NA,0,"no_spouse_no_kids","lt15k",0,0,0,0,0,0,0,0,0,0,0,0,0,0,0,0,0,0,0,0,0,0,0,0,0,0,"rent",0,0,0,0,0,0
287,"high_need",49189,"Salt Lake County, UT",22,NA,NA,NA,NA,NA,NA,NA,NA,NA,NA,NA,0,"no_spouse_no_kids","ge30k",0,0,0,0,0,0,0,0,0,0,0,0,0,0,0,0,0,0,0,0,0,0,0,0,0,0,"rent",0,0,0,0,0,0
288,"high_need",20976,"Salt Lake County, UT",23,NA,NA,NA,NA,NA,NA,NA,NA,NA,NA,NA,0,"no_spouse_no_kids","15to30k",0,0,0,0,0,0,0,0,0,0,0,0,0,0,0,0,0,0,0,0,0,0,0,0,0,0,"rent",0,0,0,0,0,0
289,"high_need",5011,"Salt Lake County, UT",22,NA,NA,NA,NA,NA,NA,NA,NA,NA,NA,NA,0,"no_spouse_no_kids","lt15k",0,0,0,0,0,0,0,0,0,0,0,0,0,0,0,0,0,0,0,0,0,0,0,0,0,0,"rent",0,0,0,0,0,0
290,"high_need",5674,"Salt Lake County, UT",19,NA,NA,NA,NA,NA,NA,NA,NA,NA,NA,NA,0,"no_spouse_no_kids","lt15k",0,0,0,0,0,0,0,0,0,0,0,0,0,0,0,0,0,0,0,0,0,0,0,0,0,0,"rent",0,0,0,0,0,0
291,"high_need",17533,"Salt Lake County, UT",23,NA,NA,NA,NA,NA,NA,NA,NA,NA,NA,NA,0,"no_spouse_no_kids","15to30k",0,0,0,0,0,0,0,0,0,0,0,0,0,0,0,0,0,0,0,0,0,0,0,0,0,0,"rent",0,0,0,0,0,0
292,"high_need",70020,"Salt Lake County, UT",21,3,NA,NA,NA,NA,NA,NA,NA,NA,NA,NA,0,"no_spouse_with_kids","ge30k",0,0,0,0,0,0,0,0,0,0,0,0,0,0,0,0,0,0,0,0,0,0,0,0,0,0,"rent",0,0,0,0,0,0
293,"high_need",72129,"Salt Lake County, UT",21,NA,NA,NA,NA,NA,NA,NA,NA,NA,NA,NA,0,"no_spouse_no_kids","ge30k",0,0,0,0,0,0,0,0,0,0,0,0,0,0,0,0,0,0,0,0,0,0,0,0,0,0,"rent",0,0,0,0,0,0
294,"high_need",10111,"Salt Lake County, UT",18,18,NA,NA,NA,NA,NA,NA,NA,NA,NA,NA,1,"spouse_no_kids","lt15k",0,0,0,0,0,0,0,0,0,0,0,0,0,0,0,0,0,0,0,0,0,0,0,0,0,0,"rent",0,0,0,0,0,0
295,"high_need",33261,"Salt Lake County, UT",20,NA,NA,NA,NA,NA,NA,NA,NA,NA,NA,NA,0,"no_spouse_no_kids","ge30k",0,0,0,0,0,0,0,0,0,0,0,0,0,0,0,0,0,0,0,0,0,0,0,0,0,0,"rent",0,0,0,0,0,0
296,"high_need",41795,"Salt Lake County, UT",20,NA,NA,NA,NA,NA,NA,NA,NA,NA,NA,NA,0,"no_spouse_no_kids","ge30k",0,0,0,0,0,0,0,0,0,0,0,0,0,0,0,0,0,0,0,0,0,0,0,0,0,0,"rent",0,0,0,0,0,0
297,"high_need",50738,"Salt Lake County, UT",19,NA,NA,NA,NA,NA,NA,NA,NA,NA,NA,NA,0,"no_spouse_no_kids","ge30k",0,0,0,0,0,0,0,0,0,0,0,0,0,0,0,0,0,0,0,0,0,0,0,0,0,0,"rent",0,0,0,0,0,0
298,"high_need",37402,"Salt Lake County, UT",24,NA,NA,NA,NA,NA,NA,NA,NA,NA,NA,NA,0,"no_spouse_no_kids","ge30k",0,0,0,0,0,0,0,0,0,0,0,0,0,0,0,0,0,0,0,0,0,0,0,0,0,0,"rent",0,0,0,0,0,0
299,"high_need",3320,"Salt Lake County, UT",23,NA,NA,NA,NA,NA,NA,NA,NA,NA,NA,NA,0,"no_spouse_no_kids","lt15k",0,0,0,0,0,0,0,0,0,0,0,0,0,0,0,0,0,0,0,0,0,0,0,0,0,0,"rent",0,0,0,0,0,0
300,"high_need",58334,"Salt Lake County, UT",20,NA,NA,NA,NA,NA,NA,NA,NA,NA,NA,NA,0,"no_spouse_no_kids","ge30k",0,0,0,0,0,0,0,0,0,0,0,0,0,0,0,0,0,0,0,0,0,0,0,0,0,0,"rent",0,0,0,0,0,0
301,"high_need",4886,"Salt Lake County, UT",18,NA,NA,NA,NA,NA,NA,NA,NA,NA,NA,NA,0,"no_spouse_no_kids","lt15k",0,0,0,0,0,0,0,0,0,0,0,0,0,0,0,0,0,0,0,0,0,0,0,0,0,0,"rent",0,0,0,0,0,0
302,"high_need",5736,"Salt Lake County, UT",23,NA,NA,NA,NA,NA,NA,NA,NA,NA,NA,NA,0,"no_spouse_no_kids","lt15k",0,0,0,0,0,0,0,0,0,0,0,0,0,0,0,0,0,0,0,0,0,0,0,0,0,0,"rent",0,0,0,0,0,0
303,"high_need",1485,"Salt Lake County, UT",20,3,NA,NA,NA,NA,NA,NA,NA,NA,NA,NA,0,"no_spouse_with_kids","lt15k",0,0,0,0,0,0,0,0,0,0,0,0,0,0,0,0,0,0,0,0,0,0,0,0,0,0,"rent",0,0,0,0,0,0
304,"high_need",2737,"Salt Lake County, UT",18,NA,NA,NA,NA,NA,NA,NA,NA,NA,NA,NA,0,"no_spouse_no_kids","lt15k",0,0,0,0,0,0,0,0,0,0,0,0,0,0,0,0,0,0,0,0,0,0,0,0,0,0,"rent",0,0,0,0,0,0
305,"high_need",43793,"Salt Lake County, UT",18,18,NA,NA,NA,NA,NA,NA,NA,NA,NA,NA,1,"spouse_no_kids","ge30k",0,0,0,0,0,0,0,0,0,0,0,0,0,0,0,0,0,0,0,0,0,0,0,0,0,0,"rent",0,0,0,0,0,0
306,"high_need",6101,"Salt Lake County, UT",21,NA,NA,NA,NA,NA,NA,NA,NA,NA,NA,NA,0,"no_spouse_no_kids","lt15k",0,0,0,0,0,0,0,0,0,0,0,0,0,0,0,0,0,0,0,0,0,0,0,0,0,0,"rent",0,0,0,0,0,0
307,"high_need",50484,"Salt Lake County, UT",23,NA,NA,NA,NA,NA,NA,NA,NA,NA,NA,NA,0,"no_spouse_no_kids","ge30k",0,0,0,0,0,0,0,0,0,0,0,0,0,0,0,0,0,0,0,0,0,0,0,0,0,0,"rent",0,0,0,0,0,0
308,"high_need",75573,"Salt Lake County, UT",22,NA,NA,NA,NA,NA,NA,NA,NA,NA,NA,NA,0,"no_spouse_no_kids","ge30k",0,0,0,0,0,0,0,0,0,0,0,0,0,0,0,0,0,0,0,0,0,0,0,0,0,0,"rent",0,0,0,0,0,0
309,"high_need",40891,"Salt Lake County, UT",21,NA,NA,NA,NA,NA,NA,NA,NA,NA,NA,NA,0,"no_spouse_no_kids","ge30k",0,0,0,0,0,0,0,0,0,0,0,0,0,0,0,0,0,0,0,0,0,0,0,0,0,0,"rent",0,0,0,0,0,0
310,"high_need",6781,"Salt Lake County, UT",21,NA,NA,NA,NA,NA,NA,NA,NA,NA,NA,NA,0,"no_spouse_no_kids","lt15k",0,0,0,0,0,0,0,0,0,0,0,0,0,0,0,0,0,0,0,0,0,0,0,0,0,0,"rent",0,0,0,0,0,0
311,"high_need",8920,"Salt Lake County, UT",23,NA,NA,NA,NA,NA,NA,NA,NA,NA,NA,NA,0,"no_spouse_no_kids","lt15k",0,0,0,0,0,0,0,0,0,0,0,0,0,0,0,0,0,0,0,0,0,0,0,0,0,0,"rent",0,0,0,0,0,0
312,"high_need",4103,"Salt Lake County, UT",22,NA,NA,NA,NA,NA,NA,NA,NA,NA,NA,NA,0,"no_spouse_no_kids","lt15k",0,0,0,0,0,0,0,0,0,0,0,0,0,0,0,0,0,0,0,0,0,0,0,0,0,0,"rent",0,0,0,0,0,0
313,"high_need",19064,"Salt Lake County, UT",18,NA,NA,NA,NA,NA,NA,NA,NA,NA,NA,NA,0,"no_spouse_no_kids","15to30k",0,0,0,0,0,0,0,0,0,0,0,0,0,0,0,0,0,0,0,0,0,0,0,0,0,0,"rent",0,0,0,0,0,0
314,"high_need",9862,"Salt Lake County, UT",24,NA,NA,NA,NA,NA,NA,NA,NA,NA,NA,NA,0,"no_spouse_no_kids","lt15k",0,0,0,0,0,0,0,0,0,0,0,0,0,0,0,0,0,0,0,0,0,0,0,0,0,0,"rent",0,0,0,0,0,0
315,"high_need",43823,"Salt Lake County, UT",22,NA,NA,NA,NA,NA,NA,NA,NA,NA,NA,NA,0,"no_spouse_no_kids","ge30k",0,0,0,0,0,0,0,0,0,0,0,0,0,0,0,0,0,0,0,0,0,0,0,0,0,0,"rent",0,0,0,0,0,0
316,"high_need",18130,"Salt Lake County, UT",18,NA,NA,NA,NA,NA,NA,NA,NA,NA,NA,NA,0,"no_spouse_no_kids","15to30k",0,0,0,0,0,0,0,0,0,0,0,0,0,0,0,0,0,0,0,0,0,0,0,0,0,0,"rent",0,0,0,0,0,0
317,"high_need",2906,"Salt Lake County, UT",18,NA,NA,NA,NA,NA,NA,NA,NA,NA,NA,NA,0,"no_spouse_no_kids","lt15k",0,0,0,0,0,0,0,0,0,0,0,0,0,0,0,0,0,0,0,0,0,0,0,0,0,0,"rent",0,0,0,0,0,0
318,"high_need",39206,"Salt Lake County, UT",21,NA,NA,NA,NA,NA,NA,NA,NA,NA,NA,NA,0,"no_spouse_no_kids","ge30k",0,0,0,0,0,0,0,0,0,0,0,0,0,0,0,0,0,0,0,0,0,0,0,0,0,0,"rent",0,0,0,0,0,0
319,"high_need",34717,"Salt Lake County, UT",24,NA,NA,NA,NA,NA,NA,NA,NA,NA,NA,NA,0,"no_spouse_no_kids","ge30k",0,0,0,0,0,0,0,0,0,0,0,0,0,0,0,0,0,0,0,0,0,0,0,0,0,0,"rent",0,0,0,0,0,0
320,"high_need",70276,"Salt Lake County, UT",19,NA,NA,NA,NA,NA,NA,NA,NA,NA,NA,NA,0,"no_spouse_no_kids","ge30k",0,0,0,0,0,0,0,0,0,0,0,0,0,0,0,0,0,0,0,0,0,0,0,0,0,0,"rent",0,0,0,0,0,0
321,"high_need",32144,"Salt Lake County, UT",20,NA,NA,NA,NA,NA,NA,NA,NA,NA,NA,NA,0,"no_spouse_no_kids","ge30k",0,0,0,0,0,0,0,0,0,0,0,0,0,0,0,0,0,0,0,0,0,0,0,0,0,0,"rent",0,0,0,0,0,0
322,"high_need",711,"Salt Lake County, UT",23,20,NA,NA,NA,NA,NA,NA,NA,NA,NA,NA,1,"spouse_no_kids","lt15k",0,0,0,0,0,0,0,0,0,0,0,0,0,0,0,0,0,0,0,0,0,0,0,0,0,0,"rent",0,0,0,0,0,0
323,"high_need",8812,"Salt Lake County, UT",23,NA,NA,NA,NA,NA,NA,NA,NA,NA,NA,NA,0,"no_spouse_no_kids","lt15k",0,0,0,0,0,0,0,0,0,0,0,0,0,0,0,0,0,0,0,0,0,0,0,0,0,0,"rent",0,0,0,0,0,0
324,"high_need",6415,"Salt Lake County, UT",19,NA,NA,NA,NA,NA,NA,NA,NA,NA,NA,NA,0,"no_spouse_no_kids","lt15k",0,0,0,0,0,0,0,0,0,0,0,0,0,0,0,0,0,0,0,0,0,0,0,0,0,0,"rent",0,0,0,0,0,0
325,"high_need",36315,"Salt Lake County, UT",23,NA,NA,NA,NA,NA,NA,NA,NA,NA,NA,NA,0,"no_spouse_no_kids","ge30k",0,0,0,0,0,0,0,0,0,0,0,0,0,0,0,0,0,0,0,0,0,0,0,0,0,0,"rent",0,0,0,0,0,0
326,"high_need",18654,"Salt Lake County, UT",22,NA,NA,NA,NA,NA,NA,NA,NA,NA,NA,NA,0,"no_spouse_no_kids","15to30k",0,0,0,0,0,0,0,0,0,0,0,0,0,0,0,0,0,0,0,0,0,0,0,0,0,0,"rent",0,0,0,0,0,0
327,"high_need",16966,"Salt Lake County, UT",20,NA,NA,NA,NA,NA,NA,NA,NA,NA,NA,NA,0,"no_spouse_no_kids","15to30k",0,0,0,0,0,0,0,0,0,0,0,0,0,0,0,0,0,0,0,0,0,0,0,0,0,0,"rent",0,0,0,0,0,0
328,"high_need",53139,"Salt Lake County, UT",21,NA,NA,NA,NA,NA,NA,NA,NA,NA,NA,NA,0,"no_spouse_no_kids","ge30k",0,0,0,0,0,0,0,0,0,0,0,0,0,0,0,0,0,0,0,0,0,0,0,0,0,0,"rent",0,0,0,0,0,0
329,"high_need",5109,"Salt Lake County, UT",24,NA,NA,NA,NA,NA,NA,NA,NA,NA,NA,NA,0,"no_spouse_no_kids","lt15k",0,0,0,0,0,0,0,0,0,0,0,0,0,0,0,0,0,0,0,0,0,0,0,0,0,0,"rent",0,0,0,0,0,0
330,"high_need",20495,"Salt Lake County, UT",20,NA,NA,NA,NA,NA,NA,NA,NA,NA,NA,NA,0,"no_spouse_no_kids","15to30k",0,0,0,0,0,0,0,0,0,0,0,0,0,0,0,0,0,0,0,0,0,0,0,0,0,0,"rent",0,0,0,0,0,0
331,"high_need",4619,"Salt Lake County, UT",20,NA,NA,NA,NA,NA,NA,NA,NA,NA,NA,NA,0,"no_spouse_no_kids","lt15k",0,0,0,0,0,0,0,0,0,0,0,0,0,0,0,0,0,0,0,0,0,0,0,0,0,0,"rent",0,0,0,0,0,0
332,"high_need",30277,"Salt Lake County, UT",24,NA,NA,NA,NA,NA,NA,NA,NA,NA,NA,NA,0,"no_spouse_no_kids","ge30k",0,0,0,0,0,0,0,0,0,0,0,0,0,0,0,0,0,0,0,0,0,0,0,0,0,0,"rent",0,0,0,0,0,0
333,"high_need",10259,"Salt Lake County, UT",20,NA,NA,NA,NA,NA,NA,NA,NA,NA,NA,NA,0,"no_spouse_no_kids","lt15k",0,0,0,0,0,0,0,0,0,0,0,0,0,0,0,0,0,0,0,0,0,0,0,0,0,0,"rent",0,0,0,0,0,0
334,"high_need",48831,"Salt Lake County, UT",19,NA,NA,NA,NA,NA,NA,NA,NA,NA,NA,NA,0,"no_spouse_no_kids","ge30k",0,0,0,0,0,0,0,0,0,0,0,0,0,0,0,0,0,0,0,0,0,0,0,0,0,0,"rent",0,0,0,0,0,0
335,"high_need",18080,"Salt Lake County, UT",22,NA,NA,NA,NA,NA,NA,NA,NA,NA,NA,NA,0,"no_spouse_no_kids","15to30k",0,0,0,0,0,0,0,0,0,0,0,0,0,0,0,0,0,0,0,0,0,0,0,0,0,0,"rent",0,0,0,0,0,0
336,"high_need",9103,"Salt Lake County, UT",21,NA,NA,NA,NA,NA,NA,NA,NA,NA,NA,NA,0,"no_spouse_no_kids","lt15k",0,0,0,0,0,0,0,0,0,0,0,0,0,0,0,0,0,0,0,0,0,0,0,0,0,0,"rent",0,0,0,0,0,0
337,"high_need",16243,"Salt Lake County, UT",19,NA,NA,NA,NA,NA,NA,NA,NA,NA,NA,NA,0,"no_spouse_no_kids","15to30k",0,0,0,0,0,0,0,0,0,0,0,0,0,0,0,0,0,0,0,0,0,0,0,0,0,0,"rent",0,0,0,0,0,0
338,"high_need",51047,"Salt Lake County, UT",19,NA,NA,NA,NA,NA,NA,NA,NA,NA,NA,NA,0,"no_spouse_no_kids","ge30k",0,0,0,0,0,0,0,0,0,0,0,0,0,0,0,0,0,0,0,0,0,0,0,0,0,0,"rent",0,0,0,0,0,0
339,"high_need",2489,"Salt Lake County, UT",20,19,NA,NA,NA,NA,NA,NA,NA,NA,NA,NA,1,"spouse_no_kids","lt15k",0,0,0,0,0,0,0,0,0,0,0,0,0,0,0,0,0,0,0,0,0,0,0,0,0,0,"rent",0,0,0,0,0,0
340,"high_need",1327,"Salt Lake County, UT",20,NA,NA,NA,NA,NA,NA,NA,NA,NA,NA,NA,0,"no_spouse_no_kids","lt15k",0,0,0,0,0,0,0,0,0,0,0,0,0,0,0,0,0,0,0,0,0,0,0,0,0,0,"rent",0,0,0,0,0,0
341,"high_need",36257,"Salt Lake County, UT",24,NA,NA,NA,NA,NA,NA,NA,NA,NA,NA,NA,0,"no_spouse_no_kids","ge30k",0,0,0,0,0,0,0,0,0,0,0,0,0,0,0,0,0,0,0,0,0,0,0,0,0,0,"rent",0,0,0,0,0,0
342,"high_need",49675,"Salt Lake County, UT",24,24,NA,NA,NA,NA,NA,NA,NA,NA,NA,NA,1,"spouse_no_kids","ge30k",0,0,0,0,0,0,0,0,0,0,0,0,0,0,0,0,0,0,0,0,0,0,0,0,0,0,"rent",0,0,0,0,0,0
343,"high_need",40981,"Salt Lake County, UT",22,NA,NA,NA,NA,NA,NA,NA,NA,NA,NA,NA,0,"no_spouse_no_kids","ge30k",0,0,0,0,0,0,0,0,0,0,0,0,0,0,0,0,0,0,0,0,0,0,0,0,0,0,"rent",0,0,0,0,0,0
344,"high_need",8756,"Salt Lake County, UT",21,NA,NA,NA,NA,NA,NA,NA,NA,NA,NA,NA,0,"no_spouse_no_kids","lt15k",0,0,0,0,0,0,0,0,0,0,0,0,0,0,0,0,0,0,0,0,0,0,0,0,0,0,"rent",0,0,0,0,0,0
345,"high_need",35345,"Salt Lake County, UT",22,NA,NA,NA,NA,NA,NA,NA,NA,NA,NA,NA,0,"no_spouse_no_kids","ge30k",0,0,0,0,0,0,0,0,0,0,0,0,0,0,0,0,0,0,0,0,0,0,0,0,0,0,"rent",0,0,0,0,0,0
346,"high_need",7182,"Salt Lake County, UT",22,NA,NA,NA,NA,NA,NA,NA,NA,NA,NA,NA,0,"no_spouse_no_kids","lt15k",0,0,0,0,0,0,0,0,0,0,0,0,0,0,0,0,0,0,0,0,0,0,0,0,0,0,"rent",0,0,0,0,0,0
347,"high_need",19076,"Salt Lake County, UT",20,NA,NA,NA,NA,NA,NA,NA,NA,NA,NA,NA,0,"no_spouse_no_kids","15to30k",0,0,0,0,0,0,0,0,0,0,0,0,0,0,0,0,0,0,0,0,0,0,0,0,0,0,"rent",0,0,0,0,0,0
348,"high_need",3967,"Salt Lake County, UT",21,NA,NA,NA,NA,NA,NA,NA,NA,NA,NA,NA,0,"no_spouse_no_kids","lt15k",0,0,0,0,0,0,0,0,0,0,0,0,0,0,0,0,0,0,0,0,0,0,0,0,0,0,"rent",0,0,0,0,0,0
349,"high_need",6689,"Salt Lake County, UT",23,NA,NA,NA,NA,NA,NA,NA,NA,NA,NA,NA,0,"no_spouse_no_kids","lt15k",0,0,0,0,0,0,0,0,0,0,0,0,0,0,0,0,0,0,0,0,0,0,0,0,0,0,"rent",0,0,0,0,0,0
350,"high_need",37466,"Salt Lake County, UT",20,NA,NA,NA,NA,NA,NA,NA,NA,NA,NA,NA,0,"no_spouse_no_kids","ge30k",0,0,0,0,0,0,0,0,0,0,0,0,0,0,0,0,0,0,0,0,0,0,0,0,0,0,"rent",0,0,0,0,0,0
351,"high_need",35433,"Salt Lake County, UT",21,22,NA,NA,NA,NA,NA,NA,NA,NA,NA,NA,1,"spouse_no_kids","ge30k",0,0,0,0,0,0,0,0,0,0,0,0,0,0,0,0,0,0,0,0,0,0,0,0,0,0,"rent",0,0,0,0,0,0
352,"high_need",36575,"Salt Lake County, UT",18,NA,NA,NA,NA,NA,NA,NA,NA,NA,NA,NA,0,"no_spouse_no_kids","ge30k",0,0,0,0,0,0,0,0,0,0,0,0,0,0,0,0,0,0,0,0,0,0,0,0,0,0,"rent",0,0,0,0,0,0
353,"high_need",19893,"Salt Lake County, UT",24,NA,NA,NA,NA,NA,NA,NA,NA,NA,NA,NA,0,"no_spouse_no_kids","15to30k",0,0,0,0,0,0,0,0,0,0,0,0,0,0,0,0,0,0,0,0,0,0,0,0,0,0,"rent",0,0,0,0,0,0
354,"high_need",17314,"Salt Lake County, UT",23,NA,NA,NA,NA,NA,NA,NA,NA,NA,NA,NA,0,"no_spouse_no_kids","15to30k",0,0,0,0,0,0,0,0,0,0,0,0,0,0,0,0,0,0,0,0,0,0,0,0,0,0,"rent",0,0,0,0,0,0
355,"high_need",21590,"Salt Lake County, UT",19,2,NA,NA,NA,NA,NA,NA,NA,NA,NA,NA,0,"no_spouse_with_kids","15to30k",0,0,0,0,0,0,0,0,0,0,0,0,0,0,0,0,0,0,0,0,0,0,0,0,0,0,"rent",0,0,0,0,0,0
356,"high_need",38345,"Salt Lake County, UT",19,NA,NA,NA,NA,NA,NA,NA,NA,NA,NA,NA,0,"no_spouse_no_kids","ge30k",0,0,0,0,0,0,0,0,0,0,0,0,0,0,0,0,0,0,0,0,0,0,0,0,0,0,"rent",0,0,0,0,0,0
357,"high_need",40790,"Salt Lake County, UT",20,NA,NA,NA,NA,NA,NA,NA,NA,NA,NA,NA,0,"no_spouse_no_kids","ge30k",0,0,0,0,0,0,0,0,0,0,0,0,0,0,0,0,0,0,0,0,0,0,0,0,0,0,"rent",0,0,0,0,0,0
358,"high_need",45929,"Salt Lake County, UT",22,NA,NA,NA,NA,NA,NA,NA,NA,NA,NA,NA,0,"no_spouse_no_kids","ge30k",0,0,0,0,0,0,0,0,0,0,0,0,0,0,0,0,0,0,0,0,0,0,0,0,0,0,"rent",0,0,0,0,0,0
359,"high_need",50841,"Salt Lake County, UT",21,NA,NA,NA,NA,NA,NA,NA,NA,NA,NA,NA,0,"no_spouse_no_kids","ge30k",0,0,0,0,0,0,0,0,0,0,0,0,0,0,0,0,0,0,0,0,0,0,0,0,0,0,"rent",0,0,0,0,0,0
360,"high_need",3505,"Salt Lake County, UT",18,20,NA,NA,NA,NA,NA,NA,NA,NA,NA,NA,1,"spouse_no_kids","lt15k",0,0,0,0,0,0,0,0,0,0,0,0,0,0,0,0,0,0,0,0,0,0,0,0,0,0,"rent",0,0,0,0,0,0
361,"high_need",6805,"Salt Lake County, UT",21,NA,NA,NA,NA,NA,NA,NA,NA,NA,NA,NA,0,"no_spouse_no_kids","lt15k",0,0,0,0,0,0,0,0,0,0,0,0,0,0,0,0,0,0,0,0,0,0,0,0,0,0,"rent",0,0,0,0,0,0
362,"high_need",43090,"Salt Lake County, UT",22,NA,NA,NA,NA,NA,NA,NA,NA,NA,NA,NA,0,"no_spouse_no_kids","ge30k",0,0,0,0,0,0,0,0,0,0,0,0,0,0,0,0,0,0,0,0,0,0,0,0,0,0,"rent",0,0,0,0,0,0
363,"high_need",5281,"Salt Lake County, UT",19,NA,NA,NA,NA,NA,NA,NA,NA,NA,NA,NA,0,"no_spouse_no_kids","lt15k",0,0,0,0,0,0,0,0,0,0,0,0,0,0,0,0,0,0,0,0,0,0,0,0,0,0,"rent",0,0,0,0,0,0
364,"high_need",40585,"Salt Lake County, UT",24,NA,NA,NA,NA,NA,NA,NA,NA,NA,NA,NA,0,"no_spouse_no_kids","ge30k",0,0,0,0,0,0,0,0,0,0,0,0,0,0,0,0,0,0,0,0,0,0,0,0,0,0,"rent",0,0,0,0,0,0
365,"high_need",1654,"Salt Lake County, UT",24,NA,NA,NA,NA,NA,NA,NA,NA,NA,NA,NA,0,"no_spouse_no_kids","lt15k",0,0,0,0,0,0,0,0,0,0,0,0,0,0,0,0,0,0,0,0,0,0,0,0,0,0,"rent",0,0,0,0,0,0
366,"high_need",15623,"Salt Lake County, UT",19,NA,NA,NA,NA,NA,NA,NA,NA,NA,NA,NA,0,"no_spouse_no_kids","15to30k",0,0,0,0,0,0,0,0,0,0,0,0,0,0,0,0,0,0,0,0,0,0,0,0,0,0,"rent",0,0,0,0,0,0
367,"high_need",16627,"Salt Lake County, UT",24,NA,NA,NA,NA,NA,NA,NA,NA,NA,NA,NA,0,"no_spouse_no_kids","15to30k",0,0,0,0,0,0,0,0,0,0,0,0,0,0,0,0,0,0,0,0,0,0,0,0,0,0,"rent",0,0,0,0,0,0
368,"high_need",21547,"Salt Lake County, UT",21,NA,NA,NA,NA,NA,NA,NA,NA,NA,NA,NA,0,"no_spouse_no_kids","15to30k",0,0,0,0,0,0,0,0,0,0,0,0,0,0,0,0,0,0,0,0,0,0,0,0,0,0,"rent",0,0,0,0,0,0
369,"high_need",8546,"Salt Lake County, UT",24,NA,NA,NA,NA,NA,NA,NA,NA,NA,NA,NA,0,"no_spouse_no_kids","lt15k",0,0,0,0,0,0,0,0,0,0,0,0,0,0,0,0,0,0,0,0,0,0,0,0,0,0,"rent",0,0,0,0,0,0
370,"high_need",32627,"Salt Lake County, UT",24,25,NA,NA,NA,NA,NA,NA,NA,NA,NA,NA,1,"spouse_no_kids","ge30k",0,0,0,0,0,0,0,0,0,0,0,0,0,0,0,0,0,0,0,0,0,0,0,0,0,0,"rent",0,0,0,0,0,0
371,"high_need",8989,"Salt Lake County, UT",23,2,NA,NA,NA,NA,NA,NA,NA,NA,NA,NA,0,"no_spouse_with_kids","lt15k",0,0,0,0,0,0,0,0,0,0,0,0,0,0,0,0,0,0,0,0,0,0,0,0,0,0,"rent",0,0,0,0,0,0
372,"high_need",15626,"Salt Lake County, UT",21,NA,NA,NA,NA,NA,NA,NA,NA,NA,NA,NA,0,"no_spouse_no_kids","15to30k",0,0,0,0,0,0,0,0,0,0,0,0,0,0,0,0,0,0,0,0,0,0,0,0,0,0,"rent",0,0,0,0,0,0
373,"high_need",2680,"Salt Lake County, UT",19,2,NA,NA,NA,NA,NA,NA,NA,NA,NA,NA,0,"no_spouse_with_kids","lt15k",0,0,0,0,0,0,0,0,0,0,0,0,0,0,0,0,0,0,0,0,0,0,0,0,0,0,"rent",0,0,0,0,0,0
374,"high_need",4944,"Salt Lake County, UT",22,NA,NA,NA,NA,NA,NA,NA,NA,NA,NA,NA,0,"no_spouse_no_kids","lt15k",0,0,0,0,0,0,0,0,0,0,0,0,0,0,0,0,0,0,0,0,0,0,0,0,0,0,"rent",0,0,0,0,0,0
375,"high_need",7692,"Salt Lake County, UT",23,NA,NA,NA,NA,NA,NA,NA,NA,NA,NA,NA,0,"no_spouse_no_kids","lt15k",0,0,0,0,0,0,0,0,0,0,0,0,0,0,0,0,0,0,0,0,0,0,0,0,0,0,"rent",0,0,0,0,0,0
376,"high_need",20258,"Salt Lake County, UT",20,NA,NA,NA,NA,NA,NA,NA,NA,NA,NA,NA,0,"no_spouse_no_kids","15to30k",0,0,0,0,0,0,0,0,0,0,0,0,0,0,0,0,0,0,0,0,0,0,0,0,0,0,"rent",0,0,0,0,0,0
377,"high_need",8091,"Salt Lake County, UT",18,NA,NA,NA,NA,NA,NA,NA,NA,NA,NA,NA,0,"no_spouse_no_kids","lt15k",0,0,0,0,0,0,0,0,0,0,0,0,0,0,0,0,0,0,0,0,0,0,0,0,0,0,"rent",0,0,0,0,0,0
378,"high_need",3914,"Salt Lake County, UT",21,3,NA,NA,NA,NA,NA,NA,NA,NA,NA,NA,0,"no_spouse_with_kids","lt15k",0,0,0,0,0,0,0,0,0,0,0,0,0,0,0,0,0,0,0,0,0,0,0,0,0,0,"rent",0,0,0,0,0,0
379,"high_need",2864,"Salt Lake County, UT",24,NA,NA,NA,NA,NA,NA,NA,NA,NA,NA,NA,0,"no_spouse_no_kids","lt15k",0,0,0,0,0,0,0,0,0,0,0,0,0,0,0,0,0,0,0,0,0,0,0,0,0,0,"rent",0,0,0,0,0,0
380,"high_need",6535,"Salt Lake County, UT",18,2,NA,NA,NA,NA,NA,NA,NA,NA,NA,NA,0,"no_spouse_with_kids","lt15k",0,0,0,0,0,0,0,0,0,0,0,0,0,0,0,0,0,0,0,0,0,0,0,0,0,0,"rent",0,0,0,0,0,0
381,"high_need",2650,"Salt Lake County, UT",18,NA,NA,NA,NA,NA,NA,NA,NA,NA,NA,NA,0,"no_spouse_no_kids","lt15k",0,0,0,0,0,0,0,0,0,0,0,0,0,0,0,0,0,0,0,0,0,0,0,0,0,0,"rent",0,0,0,0,0,0
382,"high_need",7821,"Salt Lake County, UT",20,NA,NA,NA,NA,NA,NA,NA,NA,NA,NA,NA,0,"no_spouse_no_kids","lt15k",0,0,0,0,0,0,0,0,0,0,0,0,0,0,0,0,0,0,0,0,0,0,0,0,0,0,"rent",0,0,0,0,0,0
383,"high_need",44011,"Salt Lake County, UT",24,NA,NA,NA,NA,NA,NA,NA,NA,NA,NA,NA,0,"no_spouse_no_kids","ge30k",0,0,0,0,0,0,0,0,0,0,0,0,0,0,0,0,0,0,0,0,0,0,0,0,0,0,"rent",0,0,0,0,0,0
384,"high_need",389,"Salt Lake County, UT",19,21,NA,NA,NA,NA,NA,NA,NA,NA,NA,NA,1,"spouse_no_kids","lt15k",0,0,0,0,0,0,0,0,0,0,0,0,0,0,0,0,0,0,0,0,0,0,0,0,0,0,"rent",0,0,0,0,0,0
385,"high_need",1898,"Salt Lake County, UT",22,NA,NA,NA,NA,NA,NA,NA,NA,NA,NA,NA,0,"no_spouse_no_kids","lt15k",0,0,0,0,0,0,0,0,0,0,0,0,0,0,0,0,0,0,0,0,0,0,0,0,0,0,"rent",0,0,0,0,0,0
386,"high_need",49278,"Salt Lake County, UT",19,NA,NA,NA,NA,NA,NA,NA,NA,NA,NA,NA,0,"no_spouse_no_kids","ge30k",0,0,0,0,0,0,0,0,0,0,0,0,0,0,0,0,0,0,0,0,0,0,0,0,0,0,"rent",0,0,0,0,0,0
387,"high_need",124371,"Salt Lake County, UT",21,NA,NA,NA,NA,NA,NA,NA,NA,NA,NA,NA,0,"no_spouse_no_kids","ge30k",0,0,0,0,0,0,0,0,0,0,0,0,0,0,0,0,0,0,0,0,0,0,0,0,0,0,"rent",0,0,0,0,0,0
388,"high_need",73133,"Salt Lake County, UT",24,NA,NA,NA,NA,NA,NA,NA,NA,NA,NA,NA,0,"no_spouse_no_kids","ge30k",0,0,0,0,0,0,0,0,0,0,0,0,0,0,0,0,0,0,0,0,0,0,0,0,0,0,"rent",0,0,0,0,0,0
389,"high_need",47644,"Salt Lake County, UT",21,NA,NA,NA,NA,NA,NA,NA,NA,NA,NA,NA,0,"no_spouse_no_kids","ge30k",0,0,0,0,0,0,0,0,0,0,0,0,0,0,0,0,0,0,0,0,0,0,0,0,0,0,"rent",0,0,0,0,0,0
390,"high_need",20661,"Salt Lake County, UT",24,NA,NA,NA,NA,NA,NA,NA,NA,NA,NA,NA,0,"no_spouse_no_kids","15to30k",0,0,0,0,0,0,0,0,0,0,0,0,0,0,0,0,0,0,0,0,0,0,0,0,0,0,"rent",0,0,0,0,0,0
391,"high_need",38931,"Salt Lake County, UT",18,NA,NA,NA,NA,NA,NA,NA,NA,NA,NA,NA,0,"no_spouse_no_kids","ge30k",0,0,0,0,0,0,0,0,0,0,0,0,0,0,0,0,0,0,0,0,0,0,0,0,0,0,"rent",0,0,0,0,0,0
392,"high_need",62841,"Salt Lake County, UT",21,NA,NA,NA,NA,NA,NA,NA,NA,NA,NA,NA,0,"no_spouse_no_kids","ge30k",0,0,0,0,0,0,0,0,0,0,0,0,0,0,0,0,0,0,0,0,0,0,0,0,0,0,"rent",0,0,0,0,0,0
393,"high_need",4778,"Salt Lake County, UT",20,NA,NA,NA,NA,NA,NA,NA,NA,NA,NA,NA,0,"no_spouse_no_kids","lt15k",0,0,0,0,0,0,0,0,0,0,0,0,0,0,0,0,0,0,0,0,0,0,0,0,0,0,"rent",0,0,0,0,0,0
394,"high_need",18752,"Salt Lake County, UT",19,NA,NA,NA,NA,NA,NA,NA,NA,NA,NA,NA,0,"no_spouse_no_kids","15to30k",0,0,0,0,0,0,0,0,0,0,0,0,0,0,0,0,0,0,0,0,0,0,0,0,0,0,"rent",0,0,0,0,0,0
395,"high_need",4594,"Salt Lake County, UT",21,NA,NA,NA,NA,NA,NA,NA,NA,NA,NA,NA,0,"no_spouse_no_kids","lt15k",0,0,0,0,0,0,0,0,0,0,0,0,0,0,0,0,0,0,0,0,0,0,0,0,0,0,"rent",0,0,0,0,0,0
396,"high_need",238,"Salt Lake County, UT",21,NA,NA,NA,NA,NA,NA,NA,NA,NA,NA,NA,0,"no_spouse_no_kids","lt15k",0,0,0,0,0,0,0,0,0,0,0,0,0,0,0,0,0,0,0,0,0,0,0,0,0,0,"rent",0,0,0,0,0,0
397,"high_need",16401,"Salt Lake County, UT",22,NA,NA,NA,NA,NA,NA,NA,NA,NA,NA,NA,0,"no_spouse_no_kids","15to30k",0,0,0,0,0,0,0,0,0,0,0,0,0,0,0,0,0,0,0,0,0,0,0,0,0,0,"rent",0,0,0,0,0,0
398,"high_need",16441,"Salt Lake County, UT",21,NA,NA,NA,NA,NA,NA,NA,NA,NA,NA,NA,0,"no_spouse_no_kids","15to30k",0,0,0,0,0,0,0,0,0,0,0,0,0,0,0,0,0,0,0,0,0,0,0,0,0,0,"rent",0,0,0,0,0,0
399,"high_need",16080,"Salt Lake County, UT",23,1,NA,NA,NA,NA,NA,NA,NA,NA,NA,NA,0,"no_spouse_with_kids","15to30k",0,0,0,0,0,0,0,0,0,0,0,0,0,0,0,0,0,0,0,0,0,0,0,0,0,0,"rent",0,0,0,0,0,0
400,"high_need",7028,"Salt Lake County, UT",19,NA,NA,NA,NA,NA,NA,NA,NA,NA,NA,NA,0,"no_spouse_no_kids","lt15k",0,0,0,0,0,0,0,0,0,0,0,0,0,0,0,0,0,0,0,0,0,0,0,0,0,0,"rent",0,0,0,0,0,0
401,"high_need",16188,"Salt Lake County, UT",19,18,0,NA,NA,NA,NA,NA,NA,NA,NA,NA,1,"spouse_with_kids","15to30k",0,0,0,0,0,0,0,0,0,0,0,0,0,0,0,0,0,0,0,0,0,0,0,0,0,0,"rent",0,0,0,0,0,0
402,"high_need",61767,"Salt Lake County, UT",24,NA,NA,NA,NA,NA,NA,NA,NA,NA,NA,NA,0,"no_spouse_no_kids","ge30k",0,0,0,0,0,0,0,0,0,0,0,0,0,0,0,0,0,0,0,0,0,0,0,0,0,0,"rent",0,0,0,0,0,0
403,"high_need",2436,"Salt Lake County, UT",20,NA,NA,NA,NA,NA,NA,NA,NA,NA,NA,NA,0,"no_spouse_no_kids","lt15k",0,0,0,0,0,0,0,0,0,0,0,0,0,0,0,0,0,0,0,0,0,0,0,0,0,0,"rent",0,0,0,0,0,0
404,"high_need",5026,"Salt Lake County, UT",18,NA,NA,NA,NA,NA,NA,NA,NA,NA,NA,NA,0,"no_spouse_no_kids","lt15k",0,0,0,0,0,0,0,0,0,0,0,0,0,0,0,0,0,0,0,0,0,0,0,0,0,0,"rent",0,0,0,0,0,0
405,"high_need",52747,"Salt Lake County, UT",24,NA,NA,NA,NA,NA,NA,NA,NA,NA,NA,NA,0,"no_spouse_no_kids","ge30k",0,0,0,0,0,0,0,0,0,0,0,0,0,0,0,0,0,0,0,0,0,0,0,0,0,0,"rent",0,0,0,0,0,0
406,"high_need",33173,"Salt Lake County, UT",24,NA,NA,NA,NA,NA,NA,NA,NA,NA,NA,NA,0,"no_spouse_no_kids","ge30k",0,0,0,0,0,0,0,0,0,0,0,0,0,0,0,0,0,0,0,0,0,0,0,0,0,0,"rent",0,0,0,0,0,0
407,"high_need",4910,"Salt Lake County, UT",19,NA,NA,NA,NA,NA,NA,NA,NA,NA,NA,NA,0,"no_spouse_no_kids","lt15k",0,0,0,0,0,0,0,0,0,0,0,0,0,0,0,0,0,0,0,0,0,0,0,0,0,0,"rent",0,0,0,0,0,0
408,"high_need",120379,"Salt Lake County, UT",23,NA,NA,NA,NA,NA,NA,NA,NA,NA,NA,NA,0,"no_spouse_no_kids","ge30k",0,0,0,0,0,0,0,0,0,0,0,0,0,0,0,0,0,0,0,0,0,0,0,0,0,0,"rent",0,0,0,0,0,0
409,"high_need",18707,"Salt Lake County, UT",23,1,NA,NA,NA,NA,NA,NA,NA,NA,NA,NA,0,"no_spouse_with_kids","15to30k",0,0,0,0,0,0,0,0,0,0,0,0,0,0,0,0,0,0,0,0,0,0,0,0,0,0,"rent",0,0,0,0,0,0
410,"high_need",7590,"Salt Lake County, UT",19,NA,NA,NA,NA,NA,NA,NA,NA,NA,NA,NA,0,"no_spouse_no_kids","lt15k",0,0,0,0,0,0,0,0,0,0,0,0,0,0,0,0,0,0,0,0,0,0,0,0,0,0,"rent",0,0,0,0,0,0
411,"high_need",5302,"Salt Lake County, UT",22,NA,NA,NA,NA,NA,NA,NA,NA,NA,NA,NA,0,"no_spouse_no_kids","lt15k",0,0,0,0,0,0,0,0,0,0,0,0,0,0,0,0,0,0,0,0,0,0,0,0,0,0,"rent",0,0,0,0,0,0
412,"high_need",5097,"Salt Lake County, UT",20,NA,NA,NA,NA,NA,NA,NA,NA,NA,NA,NA,0,"no_spouse_no_kids","lt15k",0,0,0,0,0,0,0,0,0,0,0,0,0,0,0,0,0,0,0,0,0,0,0,0,0,0,"rent",0,0,0,0,0,0
413,"high_need",41538,"Salt Lake County, UT",24,NA,NA,NA,NA,NA,NA,NA,NA,NA,NA,NA,0,"no_spouse_no_kids","ge30k",0,0,0,0,0,0,0,0,0,0,0,0,0,0,0,0,0,0,0,0,0,0,0,0,0,0,"rent",0,0,0,0,0,0
414,"high_need",19773,"Salt Lake County, UT",24,23,NA,NA,NA,NA,NA,NA,NA,NA,NA,NA,1,"spouse_no_kids","15to30k",0,0,0,0,0,0,0,0,0,0,0,0,0,0,0,0,0,0,0,0,0,0,0,0,0,0,"rent",0,0,0,0,0,0
415,"high_need",10464,"Salt Lake County, UT",23,NA,NA,NA,NA,NA,NA,NA,NA,NA,NA,NA,0,"no_spouse_no_kids","lt15k",0,0,0,0,0,0,0,0,0,0,0,0,0,0,0,0,0,0,0,0,0,0,0,0,0,0,"rent",0,0,0,0,0,0
416,"high_need",86848,"Salt Lake County, UT",23,NA,NA,NA,NA,NA,NA,NA,NA,NA,NA,NA,0,"no_spouse_no_kids","ge30k",0,0,0,0,0,0,0,0,0,0,0,0,0,0,0,0,0,0,0,0,0,0,0,0,0,0,"rent",0,0,0,0,0,0
417,"high_need",6616,"Salt Lake County, UT",20,NA,NA,NA,NA,NA,NA,NA,NA,NA,NA,NA,0,"no_spouse_no_kids","lt15k",0,0,0,0,0,0,0,0,0,0,0,0,0,0,0,0,0,0,0,0,0,0,0,0,0,0,"rent",0,0,0,0,0,0
418,"high_need",7371,"Salt Lake County, UT",21,NA,NA,NA,NA,NA,NA,NA,NA,NA,NA,NA,0,"no_spouse_no_kids","lt15k",0,0,0,0,0,0,0,0,0,0,0,0,0,0,0,0,0,0,0,0,0,0,0,0,0,0,"rent",0,0,0,0,0,0
419,"high_need",48277,"Salt Lake County, UT",23,NA,NA,NA,NA,NA,NA,NA,NA,NA,NA,NA,0,"no_spouse_no_kids","ge30k",0,0,0,0,0,0,0,0,0,0,0,0,0,0,0,0,0,0,0,0,0,0,0,0,0,0,"rent",0,0,0,0,0,0
420,"high_need",6925,"Salt Lake County, UT",22,2,NA,NA,NA,NA,NA,NA,NA,NA,NA,NA,0,"no_spouse_with_kids","lt15k",0,0,0,0,0,0,0,0,0,0,0,0,0,0,0,0,0,0,0,0,0,0,0,0,0,0,"rent",0,0,0,0,0,0
421,"high_need",7215,"Salt Lake County, UT",21,NA,NA,NA,NA,NA,NA,NA,NA,NA,NA,NA,0,"no_spouse_no_kids","lt15k",0,0,0,0,0,0,0,0,0,0,0,0,0,0,0,0,0,0,0,0,0,0,0,0,0,0,"rent",0,0,0,0,0,0
422,"high_need",46831,"Salt Lake County, UT",19,NA,NA,NA,NA,NA,NA,NA,NA,NA,NA,NA,0,"no_spouse_no_kids","ge30k",0,0,0,0,0,0,0,0,0,0,0,0,0,0,0,0,0,0,0,0,0,0,0,0,0,0,"rent",0,0,0,0,0,0
423,"high_need",16359,"Salt Lake County, UT",19,NA,NA,NA,NA,NA,NA,NA,NA,NA,NA,NA,0,"no_spouse_no_kids","15to30k",0,0,0,0,0,0,0,0,0,0,0,0,0,0,0,0,0,0,0,0,0,0,0,0,0,0,"rent",0,0,0,0,0,0
424,"high_need",80020,"Salt Lake County, UT",24,NA,NA,NA,NA,NA,NA,NA,NA,NA,NA,NA,0,"no_spouse_no_kids","ge30k",0,0,0,0,0,0,0,0,0,0,0,0,0,0,0,0,0,0,0,0,0,0,0,0,0,0,"rent",0,0,0,0,0,0
425,"high_need",18297,"Salt Lake County, UT",19,NA,NA,NA,NA,NA,NA,NA,NA,NA,NA,NA,0,"no_spouse_no_kids","15to30k",0,0,0,0,0,0,0,0,0,0,0,0,0,0,0,0,0,0,0,0,0,0,0,0,0,0,"rent",0,0,0,0,0,0
426,"high_need",17690,"Salt Lake County, UT",18,NA,NA,NA,NA,NA,NA,NA,NA,NA,NA,NA,0,"no_spouse_no_kids","15to30k",0,0,0,0,0,0,0,0,0,0,0,0,0,0,0,0,0,0,0,0,0,0,0,0,0,0,"rent",0,0,0,0,0,0
427,"high_need",34019,"Salt Lake County, UT",24,NA,NA,NA,NA,NA,NA,NA,NA,NA,NA,NA,0,"no_spouse_no_kids","ge30k",0,0,0,0,0,0,0,0,0,0,0,0,0,0,0,0,0,0,0,0,0,0,0,0,0,0,"rent",0,0,0,0,0,0
428,"high_need",9507,"Salt Lake County, UT",23,NA,NA,NA,NA,NA,NA,NA,NA,NA,NA,NA,0,"no_spouse_no_kids","lt15k",0,0,0,0,0,0,0,0,0,0,0,0,0,0,0,0,0,0,0,0,0,0,0,0,0,0,"rent",0,0,0,0,0,0
429,"high_need",5329,"Salt Lake County, UT",23,NA,NA,NA,NA,NA,NA,NA,NA,NA,NA,NA,0,"no_spouse_no_kids","lt15k",0,0,0,0,0,0,0,0,0,0,0,0,0,0,0,0,0,0,0,0,0,0,0,0,0,0,"rent",0,0,0,0,0,0
430,"high_need",6229,"Salt Lake County, UT",20,NA,NA,NA,NA,NA,NA,NA,NA,NA,NA,NA,0,"no_spouse_no_kids","lt15k",0,0,0,0,0,0,0,0,0,0,0,0,0,0,0,0,0,0,0,0,0,0,0,0,0,0,"rent",0,0,0,0,0,0
431,"high_need",42556,"Salt Lake County, UT",20,NA,NA,NA,NA,NA,NA,NA,NA,NA,NA,NA,0,"no_spouse_no_kids","ge30k",0,0,0,0,0,0,0,0,0,0,0,0,0,0,0,0,0,0,0,0,0,0,0,0,0,0,"rent",0,0,0,0,0,0
432,"high_need",123390,"Salt Lake County, UT",24,26,NA,NA,NA,NA,NA,NA,NA,NA,NA,NA,1,"spouse_no_kids","ge30k",0,0,0,0,0,0,0,0,0,0,0,0,0,0,0,0,0,0,0,0,0,0,0,0,0,0,"rent",0,0,0,0,0,0
433,"high_need",48229,"Salt Lake County, UT",21,21,NA,NA,NA,NA,NA,NA,NA,NA,NA,NA,1,"spouse_no_kids","ge30k",0,0,0,0,0,0,0,0,0,0,0,0,0,0,0,0,0,0,0,0,0,0,0,0,0,0,"rent",0,0,0,0,0,0
434,"high_need",89120,"Salt Lake County, UT",19,NA,NA,NA,NA,NA,NA,NA,NA,NA,NA,NA,0,"no_spouse_no_kids","ge30k",0,0,0,0,0,0,0,0,0,0,0,0,0,0,0,0,0,0,0,0,0,0,0,0,0,0,"rent",0,0,0,0,0,0
435,"high_need",15304,"Salt Lake County, UT",21,1,NA,NA,NA,NA,NA,NA,NA,NA,NA,NA,0,"no_spouse_with_kids","15to30k",0,0,0,0,0,0,0,0,0,0,0,0,0,0,0,0,0,0,0,0,0,0,0,0,0,0,"rent",0,0,0,0,0,0
436,"high_need",56080,"Salt Lake County, UT",20,NA,NA,NA,NA,NA,NA,NA,NA,NA,NA,NA,0,"no_spouse_no_kids","ge30k",0,0,0,0,0,0,0,0,0,0,0,0,0,0,0,0,0,0,0,0,0,0,0,0,0,0,"rent",0,0,0,0,0,0
437,"high_need",20246,"Salt Lake County, UT",24,1,NA,NA,NA,NA,NA,NA,NA,NA,NA,NA,0,"no_spouse_with_kids","15to30k",0,0,0,0,0,0,0,0,0,0,0,0,0,0,0,0,0,0,0,0,0,0,0,0,0,0,"rent",0,0,0,0,0,0
438,"high_need",20465,"Salt Lake County, UT",22,NA,NA,NA,NA,NA,NA,NA,NA,NA,NA,NA,0,"no_spouse_no_kids","15to30k",0,0,0,0,0,0,0,0,0,0,0,0,0,0,0,0,0,0,0,0,0,0,0,0,0,0,"rent",0,0,0,0,0,0
439,"high_need",11409,"Salt Lake County, UT",21,18,NA,NA,NA,NA,NA,NA,NA,NA,NA,NA,1,"spouse_no_kids","lt15k",0,0,0,0,0,0,0,0,0,0,0,0,0,0,0,0,0,0,0,0,0,0,0,0,0,0,"rent",0,0,0,0,0,0
440,"high_need",19806,"Salt Lake County, UT",22,NA,NA,NA,NA,NA,NA,NA,NA,NA,NA,NA,0,"no_spouse_no_kids","15to30k",0,0,0,0,0,0,0,0,0,0,0,0,0,0,0,0,0,0,0,0,0,0,0,0,0,0,"rent",0,0,0,0,0,0
441,"high_need",48113,"Salt Lake County, UT",21,NA,NA,NA,NA,NA,NA,NA,NA,NA,NA,NA,0,"no_spouse_no_kids","ge30k",0,0,0,0,0,0,0,0,0,0,0,0,0,0,0,0,0,0,0,0,0,0,0,0,0,0,"rent",0,0,0,0,0,0
442,"high_need",16086,"Salt Lake County, UT",19,NA,NA,NA,NA,NA,NA,NA,NA,NA,NA,NA,0,"no_spouse_no_kids","15to30k",0,0,0,0,0,0,0,0,0,0,0,0,0,0,0,0,0,0,0,0,0,0,0,0,0,0,"rent",0,0,0,0,0,0
443,"high_need",33346,"Salt Lake County, UT",20,NA,NA,NA,NA,NA,NA,NA,NA,NA,NA,NA,0,"no_spouse_no_kids","ge30k",0,0,0,0,0,0,0,0,0,0,0,0,0,0,0,0,0,0,0,0,0,0,0,0,0,0,"rent",0,0,0,0,0,0
444,"high_need",54789,"Salt Lake County, UT",24,NA,NA,NA,NA,NA,NA,NA,NA,NA,NA,NA,0,"no_spouse_no_kids","ge30k",0,0,0,0,0,0,0,0,0,0,0,0,0,0,0,0,0,0,0,0,0,0,0,0,0,0,"rent",0,0,0,0,0,0
445,"high_need",17090,"Salt Lake County, UT",20,NA,NA,NA,NA,NA,NA,NA,NA,NA,NA,NA,0,"no_spouse_no_kids","15to30k",0,0,0,0,0,0,0,0,0,0,0,0,0,0,0,0,0,0,0,0,0,0,0,0,0,0,"rent",0,0,0,0,0,0
446,"high_need",75632,"Salt Lake County, UT",20,NA,NA,NA,NA,NA,NA,NA,NA,NA,NA,NA,0,"no_spouse_no_kids","ge30k",0,0,0,0,0,0,0,0,0,0,0,0,0,0,0,0,0,0,0,0,0,0,0,0,0,0,"rent",0,0,0,0,0,0
447,"high_need",3910,"Salt Lake County, UT",20,NA,NA,NA,NA,NA,NA,NA,NA,NA,NA,NA,0,"no_spouse_no_kids","lt15k",0,0,0,0,0,0,0,0,0,0,0,0,0,0,0,0,0,0,0,0,0,0,0,0,0,0,"rent",0,0,0,0,0,0
448,"high_need",9373,"Salt Lake County, UT",24,NA,NA,NA,NA,NA,NA,NA,NA,NA,NA,NA,0,"no_spouse_no_kids","lt15k",0,0,0,0,0,0,0,0,0,0,0,0,0,0,0,0,0,0,0,0,0,0,0,0,0,0,"rent",0,0,0,0,0,0
449,"high_need",56806,"Salt Lake County, UT",24,22,0,NA,NA,NA,NA,NA,NA,NA,NA,NA,1,"spouse_with_kids","ge30k",0,0,0,0,0,0,0,0,0,0,0,0,0,0,0,0,0,0,0,0,0,0,0,0,0,0,"rent",0,0,0,0,0,0
450,"high_need",3679,"Salt Lake County, UT",19,NA,NA,NA,NA,NA,NA,NA,NA,NA,NA,NA,0,"no_spouse_no_kids","lt15k",0,0,0,0,0,0,0,0,0,0,0,0,0,0,0,0,0,0,0,0,0,0,0,0,0,0,"rent",0,0,0,0,0,0
451,"high_need",19746,"Salt Lake County, UT",24,NA,NA,NA,NA,NA,NA,NA,NA,NA,NA,NA,0,"no_spouse_no_kids","15to30k",0,0,0,0,0,0,0,0,0,0,0,0,0,0,0,0,0,0,0,0,0,0,0,0,0,0,"rent",0,0,0,0,0,0
452,"high_need",10630,"Salt Lake County, UT",21,NA,NA,NA,NA,NA,NA,NA,NA,NA,NA,NA,0,"no_spouse_no_kids","lt15k",0,0,0,0,0,0,0,0,0,0,0,0,0,0,0,0,0,0,0,0,0,0,0,0,0,0,"rent",0,0,0,0,0,0
453,"high_need",42432,"Salt Lake County, UT",23,NA,NA,NA,NA,NA,NA,NA,NA,NA,NA,NA,0,"no_spouse_no_kids","ge30k",0,0,0,0,0,0,0,0,0,0,0,0,0,0,0,0,0,0,0,0,0,0,0,0,0,0,"rent",0,0,0,0,0,0
454,"high_need",46583,"Salt Lake County, UT",24,NA,NA,NA,NA,NA,NA,NA,NA,NA,NA,NA,0,"no_spouse_no_kids","ge30k",0,0,0,0,0,0,0,0,0,0,0,0,0,0,0,0,0,0,0,0,0,0,0,0,0,0,"rent",0,0,0,0,0,0
455,"high_need",19223,"Salt Lake County, UT",23,NA,NA,NA,NA,NA,NA,NA,NA,NA,NA,NA,0,"no_spouse_no_kids","15to30k",0,0,0,0,0,0,0,0,0,0,0,0,0,0,0,0,0,0,0,0,0,0,0,0,0,0,"rent",0,0,0,0,0,0
456,"high_need",37236,"Salt Lake County, UT",18,NA,NA,NA,NA,NA,NA,NA,NA,NA,NA,NA,0,"no_spouse_no_kids","ge30k",0,0,0,0,0,0,0,0,0,0,0,0,0,0,0,0,0,0,0,0,0,0,0,0,0,0,"rent",0,0,0,0,0,0
457,"high_need",15452,"Salt Lake County, UT",19,NA,NA,NA,NA,NA,NA,NA,NA,NA,NA,NA,0,"no_spouse_no_kids","15to30k",0,0,0,0,0,0,0,0,0,0,0,0,0,0,0,0,0,0,0,0,0,0,0,0,0,0,"rent",0,0,0,0,0,0
458,"high_need",3501,"Salt Lake County, UT",18,20,NA,NA,NA,NA,NA,NA,NA,NA,NA,NA,1,"spouse_no_kids","lt15k",0,0,0,0,0,0,0,0,0,0,0,0,0,0,0,0,0,0,0,0,0,0,0,0,0,0,"rent",0,0,0,0,0,0
459,"high_need",3057,"Salt Lake County, UT",24,NA,NA,NA,NA,NA,NA,NA,NA,NA,NA,NA,0,"no_spouse_no_kids","lt15k",0,0,0,0,0,0,0,0,0,0,0,0,0,0,0,0,0,0,0,0,0,0,0,0,0,0,"rent",0,0,0,0,0,0
460,"high_need",87992,"Salt Lake County, UT",21,20,NA,NA,NA,NA,NA,NA,NA,NA,NA,NA,1,"spouse_no_kids","ge30k",0,0,0,0,0,0,0,0,0,0,0,0,0,0,0,0,0,0,0,0,0,0,0,0,0,0,"rent",0,0,0,0,0,0
461,"high_need",18300,"Salt Lake County, UT",19,NA,NA,NA,NA,NA,NA,NA,NA,NA,NA,NA,0,"no_spouse_no_kids","15to30k",0,0,0,0,0,0,0,0,0,0,0,0,0,0,0,0,0,0,0,0,0,0,0,0,0,0,"rent",0,0,0,0,0,0
462,"high_need",35391,"Salt Lake County, UT",21,NA,NA,NA,NA,NA,NA,NA,NA,NA,NA,NA,0,"no_spouse_no_kids","ge30k",0,0,0,0,0,0,0,0,0,0,0,0,0,0,0,0,0,0,0,0,0,0,0,0,0,0,"rent",0,0,0,0,0,0
463,"high_need",8609,"Salt Lake County, UT",22,NA,NA,NA,NA,NA,NA,NA,NA,NA,NA,NA,0,"no_spouse_no_kids","lt15k",0,0,0,0,0,0,0,0,0,0,0,0,0,0,0,0,0,0,0,0,0,0,0,0,0,0,"rent",0,0,0,0,0,0
464,"high_need",53601,"Salt Lake County, UT",21,22,2,NA,NA,NA,NA,NA,NA,NA,NA,NA,1,"spouse_with_kids","ge30k",0,0,0,0,0,0,0,0,0,0,0,0,0,0,0,0,0,0,0,0,0,0,0,0,0,0,"rent",0,0,0,0,0,0
465,"high_need",35136,"Salt Lake County, UT",19,NA,NA,NA,NA,NA,NA,NA,NA,NA,NA,NA,0,"no_spouse_no_kids","ge30k",0,0,0,0,0,0,0,0,0,0,0,0,0,0,0,0,0,0,0,0,0,0,0,0,0,0,"rent",0,0,0,0,0,0
466,"high_need",16332,"Salt Lake County, UT",23,NA,NA,NA,NA,NA,NA,NA,NA,NA,NA,NA,0,"no_spouse_no_kids","15to30k",0,0,0,0,0,0,0,0,0,0,0,0,0,0,0,0,0,0,0,0,0,0,0,0,0,0,"rent",0,0,0,0,0,0
467,"high_need",8395,"Salt Lake County, UT",22,NA,NA,NA,NA,NA,NA,NA,NA,NA,NA,NA,0,"no_spouse_no_kids","lt15k",0,0,0,0,0,0,0,0,0,0,0,0,0,0,0,0,0,0,0,0,0,0,0,0,0,0,"rent",0,0,0,0,0,0
468,"high_need",7155,"Salt Lake County, UT",19,19,NA,NA,NA,NA,NA,NA,NA,NA,NA,NA,1,"spouse_no_kids","lt15k",0,0,0,0,0,0,0,0,0,0,0,0,0,0,0,0,0,0,0,0,0,0,0,0,0,0,"rent",0,0,0,0,0,0
469,"high_need",37112,"Salt Lake County, UT",24,0,NA,NA,NA,NA,NA,NA,NA,NA,NA,NA,0,"no_spouse_with_kids","ge30k",0,0,0,0,0,0,0,0,0,0,0,0,0,0,0,0,0,0,0,0,0,0,0,0,0,0,"rent",0,0,0,0,0,0
470,"high_need",31962,"Salt Lake County, UT",19,NA,NA,NA,NA,NA,NA,NA,NA,NA,NA,NA,0,"no_spouse_no_kids","ge30k",0,0,0,0,0,0,0,0,0,0,0,0,0,0,0,0,0,0,0,0,0,0,0,0,0,0,"rent",0,0,0,0,0,0
471,"high_need",30131,"Salt Lake County, UT",23,NA,NA,NA,NA,NA,NA,NA,NA,NA,NA,NA,0,"no_spouse_no_kids","ge30k",0,0,0,0,0,0,0,0,0,0,0,0,0,0,0,0,0,0,0,0,0,0,0,0,0,0,"rent",0,0,0,0,0,0
472,"high_need",6320,"Salt Lake County, UT",18,NA,NA,NA,NA,NA,NA,NA,NA,NA,NA,NA,0,"no_spouse_no_kids","lt15k",0,0,0,0,0,0,0,0,0,0,0,0,0,0,0,0,0,0,0,0,0,0,0,0,0,0,"rent",0,0,0,0,0,0
473,"high_need",20630,"Salt Lake County, UT",24,NA,NA,NA,NA,NA,NA,NA,NA,NA,NA,NA,0,"no_spouse_no_kids","15to30k",0,0,0,0,0,0,0,0,0,0,0,0,0,0,0,0,0,0,0,0,0,0,0,0,0,0,"rent",0,0,0,0,0,0
474,"high_need",58688,"Salt Lake County, UT",20,NA,NA,NA,NA,NA,NA,NA,NA,NA,NA,NA,0,"no_spouse_no_kids","ge30k",0,0,0,0,0,0,0,0,0,0,0,0,0,0,0,0,0,0,0,0,0,0,0,0,0,0,"rent",0,0,0,0,0,0
475,"high_need",48368,"Salt Lake County, UT",19,NA,NA,NA,NA,NA,NA,NA,NA,NA,NA,NA,0,"no_spouse_no_kids","ge30k",0,0,0,0,0,0,0,0,0,0,0,0,0,0,0,0,0,0,0,0,0,0,0,0,0,0,"rent",0,0,0,0,0,0
476,"high_need",19549,"Salt Lake County, UT",23,NA,NA,NA,NA,NA,NA,NA,NA,NA,NA,NA,0,"no_spouse_no_kids","15to30k",0,0,0,0,0,0,0,0,0,0,0,0,0,0,0,0,0,0,0,0,0,0,0,0,0,0,"rent",0,0,0,0,0,0
477,"high_need",6226,"Salt Lake County, UT",20,NA,NA,NA,NA,NA,NA,NA,NA,NA,NA,NA,0,"no_spouse_no_kids","lt15k",0,0,0,0,0,0,0,0,0,0,0,0,0,0,0,0,0,0,0,0,0,0,0,0,0,0,"rent",0,0,0,0,0,0
478,"high_need",20978,"Salt Lake County, UT",23,NA,NA,NA,NA,NA,NA,NA,NA,NA,NA,NA,0,"no_spouse_no_kids","15to30k",0,0,0,0,0,0,0,0,0,0,0,0,0,0,0,0,0,0,0,0,0,0,0,0,0,0,"rent",0,0,0,0,0,0
479,"high_need",19119,"Salt Lake County, UT",21,0,NA,NA,NA,NA,NA,NA,NA,NA,NA,NA,0,"no_spouse_with_kids","15to30k",0,0,0,0,0,0,0,0,0,0,0,0,0,0,0,0,0,0,0,0,0,0,0,0,0,0,"rent",0,0,0,0,0,0
480,"high_need",16593,"Salt Lake County, UT",18,NA,NA,NA,NA,NA,NA,NA,NA,NA,NA,NA,0,"no_spouse_no_kids","15to30k",0,0,0,0,0,0,0,0,0,0,0,0,0,0,0,0,0,0,0,0,0,0,0,0,0,0,"rent",0,0,0,0,0,0
481,"high_need",62577,"Salt Lake County, UT",21,0,NA,NA,NA,NA,NA,NA,NA,NA,NA,NA,0,"no_spouse_with_kids","ge30k",0,0,0,0,0,0,0,0,0,0,0,0,0,0,0,0,0,0,0,0,0,0,0,0,0,0,"rent",0,0,0,0,0,0
482,"high_need",30365,"Salt Lake County, UT",18,NA,NA,NA,NA,NA,NA,NA,NA,NA,NA,NA,0,"no_spouse_no_kids","ge30k",0,0,0,0,0,0,0,0,0,0,0,0,0,0,0,0,0,0,0,0,0,0,0,0,0,0,"rent",0,0,0,0,0,0
483,"high_need",17776,"Salt Lake County, UT",22,NA,NA,NA,NA,NA,NA,NA,NA,NA,NA,NA,0,"no_spouse_no_kids","15to30k",0,0,0,0,0,0,0,0,0,0,0,0,0,0,0,0,0,0,0,0,0,0,0,0,0,0,"rent",0,0,0,0,0,0
484,"high_need",11664,"Salt Lake County, UT",18,NA,NA,NA,NA,NA,NA,NA,NA,NA,NA,NA,0,"no_spouse_no_kids","lt15k",0,0,0,0,0,0,0,0,0,0,0,0,0,0,0,0,0,0,0,0,0,0,0,0,0,0,"rent",0,0,0,0,0,0
485,"high_need",16825,"Salt Lake County, UT",18,NA,NA,NA,NA,NA,NA,NA,NA,NA,NA,NA,0,"no_spouse_no_kids","15to30k",0,0,0,0,0,0,0,0,0,0,0,0,0,0,0,0,0,0,0,0,0,0,0,0,0,0,"rent",0,0,0,0,0,0
486,"high_need",19230,"Salt Lake County, UT",22,NA,NA,NA,NA,NA,NA,NA,NA,NA,NA,NA,0,"no_spouse_no_kids","15to30k",0,0,0,0,0,0,0,0,0,0,0,0,0,0,0,0,0,0,0,0,0,0,0,0,0,0,"rent",0,0,0,0,0,0
487,"high_need",1202,"Salt Lake County, UT",24,NA,NA,NA,NA,NA,NA,NA,NA,NA,NA,NA,0,"no_spouse_no_kids","lt15k",0,0,0,0,0,0,0,0,0,0,0,0,0,0,0,0,0,0,0,0,0,0,0,0,0,0,"rent",0,0,0,0,0,0
488,"high_need",2541,"Salt Lake County, UT",20,NA,NA,NA,NA,NA,NA,NA,NA,NA,NA,NA,0,"no_spouse_no_kids","lt15k",0,0,0,0,0,0,0,0,0,0,0,0,0,0,0,0,0,0,0,0,0,0,0,0,0,0,"rent",0,0,0,0,0,0
489,"high_need",1663,"Salt Lake County, UT",23,NA,NA,NA,NA,NA,NA,NA,NA,NA,NA,NA,0,"no_spouse_no_kids","lt15k",0,0,0,0,0,0,0,0,0,0,0,0,0,0,0,0,0,0,0,0,0,0,0,0,0,0,"rent",0,0,0,0,0,0
490,"high_need",77615,"Salt Lake County, UT",20,0,NA,NA,NA,NA,NA,NA,NA,NA,NA,NA,0,"no_spouse_with_kids","ge30k",0,0,0,0,0,0,0,0,0,0,0,0,0,0,0,0,0,0,0,0,0,0,0,0,0,0,"rent",0,0,0,0,0,0
491,"high_need",39004,"Salt Lake County, UT",20,NA,NA,NA,NA,NA,NA,NA,NA,NA,NA,NA,0,"no_spouse_no_kids","ge30k",0,0,0,0,0,0,0,0,0,0,0,0,0,0,0,0,0,0,0,0,0,0,0,0,0,0,"rent",0,0,0,0,0,0
492,"high_need",19821,"Salt Lake County, UT",22,21,NA,NA,NA,NA,NA,NA,NA,NA,NA,NA,1,"spouse_no_kids","15to30k",0,0,0,0,0,0,0,0,0,0,0,0,0,0,0,0,0,0,0,0,0,0,0,0,0,0,"rent",0,0,0,0,0,0
493,"high_need",8382,"Salt Lake County, UT",23,NA,NA,NA,NA,NA,NA,NA,NA,NA,NA,NA,0,"no_spouse_no_kids","lt15k",0,0,0,0,0,0,0,0,0,0,0,0,0,0,0,0,0,0,0,0,0,0,0,0,0,0,"rent",0,0,0,0,0,0
494,"high_need",18983,"Salt Lake County, UT",20,NA,NA,NA,NA,NA,NA,NA,NA,NA,NA,NA,0,"no_spouse_no_kids","15to30k",0,0,0,0,0,0,0,0,0,0,0,0,0,0,0,0,0,0,0,0,0,0,0,0,0,0,"rent",0,0,0,0,0,0
495,"high_need",50153,"Salt Lake County, UT",21,NA,NA,NA,NA,NA,NA,NA,NA,NA,NA,NA,0,"no_spouse_no_kids","ge30k",0,0,0,0,0,0,0,0,0,0,0,0,0,0,0,0,0,0,0,0,0,0,0,0,0,0,"rent",0,0,0,0,0,0
496,"high_need",4763,"Salt Lake County, UT",20,NA,NA,NA,NA,NA,NA,NA,NA,NA,NA,NA,0,"no_spouse_no_kids","lt15k",0,0,0,0,0,0,0,0,0,0,0,0,0,0,0,0,0,0,0,0,0,0,0,0,0,0,"rent",0,0,0,0,0,0
497,"high_need",5110,"Salt Lake County, UT",23,22,NA,NA,NA,NA,NA,NA,NA,NA,NA,NA,1,"spouse_no_kids","lt15k",0,0,0,0,0,0,0,0,0,0,0,0,0,0,0,0,0,0,0,0,0,0,0,0,0,0,"rent",0,0,0,0,0,0
498,"high_need",35275,"Salt Lake County, UT",21,NA,NA,NA,NA,NA,NA,NA,NA,NA,NA,NA,0,"no_spouse_no_kids","ge30k",0,0,0,0,0,0,0,0,0,0,0,0,0,0,0,0,0,0,0,0,0,0,0,0,0,0,"rent",0,0,0,0,0,0
499,"high_need",44785,"Salt Lake County, UT",20,NA,NA,NA,NA,NA,NA,NA,NA,NA,NA,NA,0,"no_spouse_no_kids","ge30k",0,0,0,0,0,0,0,0,0,0,0,0,0,0,0,0,0,0,0,0,0,0,0,0,0,0,"rent",0,0,0,0,0,0
500,"high_need",17234,"Salt Lake County, UT",19,NA,NA,NA,NA,NA,NA,NA,NA,NA,NA,NA,0,"no_spouse_no_kids","15to30k",0,0,0,0,0,0,0,0,0,0,0,0,0,0,0,0,0,0,0,0,0,0,0,0,0,0,"rent",0,0,0,0,0,0
501,"high_need",16440,"Salt Lake County, UT",21,NA,NA,NA,NA,NA,NA,NA,NA,NA,NA,NA,0,"no_spouse_no_kids","15to30k",0,0,0,0,0,0,0,0,0,0,0,0,0,0,0,0,0,0,0,0,0,0,0,0,0,0,"rent",0,0,0,0,0,0
502,"high_need",40727,"Salt Lake County, UT",23,NA,NA,NA,NA,NA,NA,NA,NA,NA,NA,NA,0,"no_spouse_no_kids","ge30k",0,0,0,0,0,0,0,0,0,0,0,0,0,0,0,0,0,0,0,0,0,0,0,0,0,0,"rent",0,0,0,0,0,0
503,"high_need",17149,"Salt Lake County, UT",24,25,NA,NA,NA,NA,NA,NA,NA,NA,NA,NA,1,"spouse_no_kids","15to30k",0,0,0,0,0,0,0,0,0,0,0,0,0,0,0,0,0,0,0,0,0,0,0,0,0,0,"rent",0,0,0,0,0,0
504,"high_need",16932,"Salt Lake County, UT",24,NA,NA,NA,NA,NA,NA,NA,NA,NA,NA,NA,0,"no_spouse_no_kids","15to30k",0,0,0,0,0,0,0,0,0,0,0,0,0,0,0,0,0,0,0,0,0,0,0,0,0,0,"rent",0,0,0,0,0,0
505,"high_need",18013,"Salt Lake County, UT",21,NA,NA,NA,NA,NA,NA,NA,NA,NA,NA,NA,0,"no_spouse_no_kids","15to30k",0,0,0,0,0,0,0,0,0,0,0,0,0,0,0,0,0,0,0,0,0,0,0,0,0,0,"rent",0,0,0,0,0,0
506,"high_need",56061,"Salt Lake County, UT",21,NA,NA,NA,NA,NA,NA,NA,NA,NA,NA,NA,0,"no_spouse_no_kids","ge30k",0,0,0,0,0,0,0,0,0,0,0,0,0,0,0,0,0,0,0,0,0,0,0,0,0,0,"rent",0,0,0,0,0,0
507,"high_need",15439,"Salt Lake County, UT",24,NA,NA,NA,NA,NA,NA,NA,NA,NA,NA,NA,0,"no_spouse_no_kids","15to30k",0,0,0,0,0,0,0,0,0,0,0,0,0,0,0,0,0,0,0,0,0,0,0,0,0,0,"rent",0,0,0,0,0,0
508,"high_need",18961,"Salt Lake County, UT",21,NA,NA,NA,NA,NA,NA,NA,NA,NA,NA,NA,0,"no_spouse_no_kids","15to30k",0,0,0,0,0,0,0,0,0,0,0,0,0,0,0,0,0,0,0,0,0,0,0,0,0,0,"rent",0,0,0,0,0,0
509,"high_need",66544,"Salt Lake County, UT",18,NA,NA,NA,NA,NA,NA,NA,NA,NA,NA,NA,0,"no_spouse_no_kids","ge30k",0,0,0,0,0,0,0,0,0,0,0,0,0,0,0,0,0,0,0,0,0,0,0,0,0,0,"rent",0,0,0,0,0,0
510,"high_need",15004,"Salt Lake County, UT",22,NA,NA,NA,NA,NA,NA,NA,NA,NA,NA,NA,0,"no_spouse_no_kids","15to30k",0,0,0,0,0,0,0,0,0,0,0,0,0,0,0,0,0,0,0,0,0,0,0,0,0,0,"rent",0,0,0,0,0,0
511,"high_need",18144,"Salt Lake County, UT",21,NA,NA,NA,NA,NA,NA,NA,NA,NA,NA,NA,0,"no_spouse_no_kids","15to30k",0,0,0,0,0,0,0,0,0,0,0,0,0,0,0,0,0,0,0,0,0,0,0,0,0,0,"rent",0,0,0,0,0,0
512,"high_need",10850,"Salt Lake County, UT",21,NA,NA,NA,NA,NA,NA,NA,NA,NA,NA,NA,0,"no_spouse_no_kids","lt15k",0,0,0,0,0,0,0,0,0,0,0,0,0,0,0,0,0,0,0,0,0,0,0,0,0,0,"rent",0,0,0,0,0,0
513,"high_need",31373,"Salt Lake County, UT",20,NA,NA,NA,NA,NA,NA,NA,NA,NA,NA,NA,0,"no_spouse_no_kids","ge30k",0,0,0,0,0,0,0,0,0,0,0,0,0,0,0,0,0,0,0,0,0,0,0,0,0,0,"rent",0,0,0,0,0,0
514,"high_need",18538,"Salt Lake County, UT",21,NA,NA,NA,NA,NA,NA,NA,NA,NA,NA,NA,0,"no_spouse_no_kids","15to30k",0,0,0,0,0,0,0,0,0,0,0,0,0,0,0,0,0,0,0,0,0,0,0,0,0,0,"rent",0,0,0,0,0,0
515,"high_need",72240,"Salt Lake County, UT",18,0,NA,NA,NA,NA,NA,NA,NA,NA,NA,NA,0,"no_spouse_with_kids","ge30k",0,0,0,0,0,0,0,0,0,0,0,0,0,0,0,0,0,0,0,0,0,0,0,0,0,0,"rent",0,0,0,0,0,0
516,"high_need",32877,"Salt Lake County, UT",24,NA,NA,NA,NA,NA,NA,NA,NA,NA,NA,NA,0,"no_spouse_no_kids","ge30k",0,0,0,0,0,0,0,0,0,0,0,0,0,0,0,0,0,0,0,0,0,0,0,0,0,0,"rent",0,0,0,0,0,0
517,"high_need",20064,"Salt Lake County, UT",21,21,1,NA,NA,NA,NA,NA,NA,NA,NA,NA,1,"spouse_with_kids","15to30k",0,0,0,0,0,0,0,0,0,0,0,0,0,0,0,0,0,0,0,0,0,0,0,0,0,0,"rent",0,0,0,0,0,0
518,"high_need",19315,"Salt Lake County, UT",18,NA,NA,NA,NA,NA,NA,NA,NA,NA,NA,NA,0,"no_spouse_no_kids","15to30k",0,0,0,0,0,0,0,0,0,0,0,0,0,0,0,0,0,0,0,0,0,0,0,0,0,0,"rent",0,0,0,0,0,0
519,"high_need",34878,"Salt Lake County, UT",24,NA,NA,NA,NA,NA,NA,NA,NA,NA,NA,NA,0,"no_spouse_no_kids","ge30k",0,0,0,0,0,0,0,0,0,0,0,0,0,0,0,0,0,0,0,0,0,0,0,0,0,0,"rent",0,0,0,0,0,0
520,"high_need",35676,"Salt Lake County, UT",19,NA,NA,NA,NA,NA,NA,NA,NA,NA,NA,NA,0,"no_spouse_no_kids","ge30k",0,0,0,0,0,0,0,0,0,0,0,0,0,0,0,0,0,0,0,0,0,0,0,0,0,0,"rent",0,0,0,0,0,0
521,"high_need",3763,"Salt Lake County, UT",21,NA,NA,NA,NA,NA,NA,NA,NA,NA,NA,NA,0,"no_spouse_no_kids","lt15k",0,0,0,0,0,0,0,0,0,0,0,0,0,0,0,0,0,0,0,0,0,0,0,0,0,0,"rent",0,0,0,0,0,0
522,"high_need",18049,"Salt Lake County, UT",24,NA,NA,NA,NA,NA,NA,NA,NA,NA,NA,NA,0,"no_spouse_no_kids","15to30k",0,0,0,0,0,0,0,0,0,0,0,0,0,0,0,0,0,0,0,0,0,0,0,0,0,0,"rent",0,0,0,0,0,0
523,"high_need",30156,"Salt Lake County, UT",21,NA,NA,NA,NA,NA,NA,NA,NA,NA,NA,NA,0,"no_spouse_no_kids","ge30k",0,0,0,0,0,0,0,0,0,0,0,0,0,0,0,0,0,0,0,0,0,0,0,0,0,0,"rent",0,0,0,0,0,0
524,"high_need",11568,"Salt Lake County, UT",22,NA,NA,NA,NA,NA,NA,NA,NA,NA,NA,NA,0,"no_spouse_no_kids","lt15k",0,0,0,0,0,0,0,0,0,0,0,0,0,0,0,0,0,0,0,0,0,0,0,0,0,0,"rent",0,0,0,0,0,0
525,"high_need",37623,"Salt Lake County, UT",24,NA,NA,NA,NA,NA,NA,NA,NA,NA,NA,NA,0,"no_spouse_no_kids","ge30k",0,0,0,0,0,0,0,0,0,0,0,0,0,0,0,0,0,0,0,0,0,0,0,0,0,0,"rent",0,0,0,0,0,0
526,"high_need",19229,"Salt Lake County, UT",19,NA,NA,NA,NA,NA,NA,NA,NA,NA,NA,NA,0,"no_spouse_no_kids","15to30k",0,0,0,0,0,0,0,0,0,0,0,0,0,0,0,0,0,0,0,0,0,0,0,0,0,0,"rent",0,0,0,0,0,0
527,"high_need",1272,"Salt Lake County, UT",19,1,NA,NA,NA,NA,NA,NA,NA,NA,NA,NA,0,"no_spouse_with_kids","lt15k",0,0,0,0,0,0,0,0,0,0,0,0,0,0,0,0,0,0,0,0,0,0,0,0,0,0,"rent",0,0,0,0,0,0
528,"high_need",61871,"Salt Lake County, UT",21,NA,NA,NA,NA,NA,NA,NA,NA,NA,NA,NA,0,"no_spouse_no_kids","ge30k",0,0,0,0,0,0,0,0,0,0,0,0,0,0,0,0,0,0,0,0,0,0,0,0,0,0,"rent",0,0,0,0,0,0
529,"high_need",35122,"Salt Lake County, UT",20,NA,NA,NA,NA,NA,NA,NA,NA,NA,NA,NA,0,"no_spouse_no_kids","ge30k",0,0,0,0,0,0,0,0,0,0,0,0,0,0,0,0,0,0,0,0,0,0,0,0,0,0,"rent",0,0,0,0,0,0
530,"high_need",15049,"Salt Lake County, UT",24,NA,NA,NA,NA,NA,NA,NA,NA,NA,NA,NA,0,"no_spouse_no_kids","15to30k",0,0,0,0,0,0,0,0,0,0,0,0,0,0,0,0,0,0,0,0,0,0,0,0,0,0,"rent",0,0,0,0,0,0
531,"high_need",32058,"Salt Lake County, UT",18,NA,NA,NA,NA,NA,NA,NA,NA,NA,NA,NA,0,"no_spouse_no_kids","ge30k",0,0,0,0,0,0,0,0,0,0,0,0,0,0,0,0,0,0,0,0,0,0,0,0,0,0,"rent",0,0,0,0,0,0
532,"high_need",9454,"Salt Lake County, UT",18,20,1,NA,NA,NA,NA,NA,NA,NA,NA,NA,1,"spouse_with_kids","lt15k",0,0,0,0,0,0,0,0,0,0,0,0,0,0,0,0,0,0,0,0,0,0,0,0,0,0,"rent",0,0,0,0,0,0
533,"high_need",6469,"Salt Lake County, UT",22,NA,NA,NA,NA,NA,NA,NA,NA,NA,NA,NA,0,"no_spouse_no_kids","lt15k",0,0,0,0,0,0,0,0,0,0,0,0,0,0,0,0,0,0,0,0,0,0,0,0,0,0,"rent",0,0,0,0,0,0
534,"high_need",4334,"Salt Lake County, UT",20,NA,NA,NA,NA,NA,NA,NA,NA,NA,NA,NA,0,"no_spouse_no_kids","lt15k",0,0,0,0,0,0,0,0,0,0,0,0,0,0,0,0,0,0,0,0,0,0,0,0,0,0,"rent",0,0,0,0,0,0
535,"high_need",4981,"Salt Lake County, UT",21,NA,NA,NA,NA,NA,NA,NA,NA,NA,NA,NA,0,"no_spouse_no_kids","lt15k",0,0,0,0,0,0,0,0,0,0,0,0,0,0,0,0,0,0,0,0,0,0,0,0,0,0,"rent",0,0,0,0,0,0
536,"high_need",9517,"Salt Lake County, UT",19,NA,NA,NA,NA,NA,NA,NA,NA,NA,NA,NA,0,"no_spouse_no_kids","lt15k",0,0,0,0,0,0,0,0,0,0,0,0,0,0,0,0,0,0,0,0,0,0,0,0,0,0,"rent",0,0,0,0,0,0
537,"high_need",10611,"Salt Lake County, UT",24,NA,NA,NA,NA,NA,NA,NA,NA,NA,NA,NA,0,"no_spouse_no_kids","lt15k",0,0,0,0,0,0,0,0,0,0,0,0,0,0,0,0,0,0,0,0,0,0,0,0,0,0,"rent",0,0,0,0,0,0
538,"high_need",17612,"Salt Lake County, UT",19,NA,NA,NA,NA,NA,NA,NA,NA,NA,NA,NA,0,"no_spouse_no_kids","15to30k",0,0,0,0,0,0,0,0,0,0,0,0,0,0,0,0,0,0,0,0,0,0,0,0,0,0,"rent",0,0,0,0,0,0
539,"high_need",63181,"Salt Lake County, UT",22,NA,NA,NA,NA,NA,NA,NA,NA,NA,NA,NA,0,"no_spouse_no_kids","ge30k",0,0,0,0,0,0,0,0,0,0,0,0,0,0,0,0,0,0,0,0,0,0,0,0,0,0,"rent",0,0,0,0,0,0
540,"high_need",129789,"Salt Lake County, UT",23,NA,NA,NA,NA,NA,NA,NA,NA,NA,NA,NA,0,"no_spouse_no_kids","ge30k",0,0,0,0,0,0,0,0,0,0,0,0,0,0,0,0,0,0,0,0,0,0,0,0,0,0,"rent",0,0,0,0,0,0
541,"high_need",19154,"Salt Lake County, UT",20,NA,NA,NA,NA,NA,NA,NA,NA,NA,NA,NA,0,"no_spouse_no_kids","15to30k",0,0,0,0,0,0,0,0,0,0,0,0,0,0,0,0,0,0,0,0,0,0,0,0,0,0,"rent",0,0,0,0,0,0
542,"high_need",19766,"Salt Lake County, UT",24,NA,NA,NA,NA,NA,NA,NA,NA,NA,NA,NA,0,"no_spouse_no_kids","15to30k",0,0,0,0,0,0,0,0,0,0,0,0,0,0,0,0,0,0,0,0,0,0,0,0,0,0,"rent",0,0,0,0,0,0
543,"high_need",21209,"Salt Lake County, UT",18,NA,NA,NA,NA,NA,NA,NA,NA,NA,NA,NA,0,"no_spouse_no_kids","15to30k",0,0,0,0,0,0,0,0,0,0,0,0,0,0,0,0,0,0,0,0,0,0,0,0,0,0,"rent",0,0,0,0,0,0
544,"high_need",32807,"Salt Lake County, UT",21,NA,NA,NA,NA,NA,NA,NA,NA,NA,NA,NA,0,"no_spouse_no_kids","ge30k",0,0,0,0,0,0,0,0,0,0,0,0,0,0,0,0,0,0,0,0,0,0,0,0,0,0,"rent",0,0,0,0,0,0
545,"high_need",65728,"Salt Lake County, UT",20,NA,NA,NA,NA,NA,NA,NA,NA,NA,NA,NA,0,"no_spouse_no_kids","ge30k",0,0,0,0,0,0,0,0,0,0,0,0,0,0,0,0,0,0,0,0,0,0,0,0,0,0,"rent",0,0,0,0,0,0
546,"high_need",465,"Salt Lake County, UT",20,3,NA,NA,NA,NA,NA,NA,NA,NA,NA,NA,0,"no_spouse_with_kids","lt15k",0,0,0,0,0,0,0,0,0,0,0,0,0,0,0,0,0,0,0,0,0,0,0,0,0,0,"rent",0,0,0,0,0,0
547,"high_need",18323,"Salt Lake County, UT",21,1,NA,NA,NA,NA,NA,NA,NA,NA,NA,NA,0,"no_spouse_with_kids","15to30k",0,0,0,0,0,0,0,0,0,0,0,0,0,0,0,0,0,0,0,0,0,0,0,0,0,0,"rent",0,0,0,0,0,0
548,"high_need",13234,"Salt Lake County, UT",19,NA,NA,NA,NA,NA,NA,NA,NA,NA,NA,NA,0,"no_spouse_no_kids","lt15k",0,0,0,0,0,0,0,0,0,0,0,0,0,0,0,0,0,0,0,0,0,0,0,0,0,0,"rent",0,0,0,0,0,0
549,"high_need",44927,"Salt Lake County, UT",19,NA,NA,NA,NA,NA,NA,NA,NA,NA,NA,NA,0,"no_spouse_no_kids","ge30k",0,0,0,0,0,0,0,0,0,0,0,0,0,0,0,0,0,0,0,0,0,0,0,0,0,0,"rent",0,0,0,0,0,0
550,"high_need",3924,"Salt Lake County, UT",21,NA,NA,NA,NA,NA,NA,NA,NA,NA,NA,NA,0,"no_spouse_no_kids","lt15k",0,0,0,0,0,0,0,0,0,0,0,0,0,0,0,0,0,0,0,0,0,0,0,0,0,0,"rent",0,0,0,0,0,0
551,"high_need",32977,"Salt Lake County, UT",23,NA,NA,NA,NA,NA,NA,NA,NA,NA,NA,NA,0,"no_spouse_no_kids","ge30k",0,0,0,0,0,0,0,0,0,0,0,0,0,0,0,0,0,0,0,0,0,0,0,0,0,0,"rent",0,0,0,0,0,0
552,"high_need",5307,"Salt Lake County, UT",21,NA,NA,NA,NA,NA,NA,NA,NA,NA,NA,NA,0,"no_spouse_no_kids","lt15k",0,0,0,0,0,0,0,0,0,0,0,0,0,0,0,0,0,0,0,0,0,0,0,0,0,0,"rent",0,0,0,0,0,0
553,"high_need",58042,"Salt Lake County, UT",23,NA,NA,NA,NA,NA,NA,NA,NA,NA,NA,NA,0,"no_spouse_no_kids","ge30k",0,0,0,0,0,0,0,0,0,0,0,0,0,0,0,0,0,0,0,0,0,0,0,0,0,0,"rent",0,0,0,0,0,0
554,"high_need",3509,"Salt Lake County, UT",18,NA,NA,NA,NA,NA,NA,NA,NA,NA,NA,NA,0,"no_spouse_no_kids","lt15k",0,0,0,0,0,0,0,0,0,0,0,0,0,0,0,0,0,0,0,0,0,0,0,0,0,0,"rent",0,0,0,0,0,0
555,"high_need",36694,"Salt Lake County, UT",24,NA,NA,NA,NA,NA,NA,NA,NA,NA,NA,NA,0,"no_spouse_no_kids","ge30k",0,0,0,0,0,0,0,0,0,0,0,0,0,0,0,0,0,0,0,0,0,0,0,0,0,0,"rent",0,0,0,0,0,0
556,"high_need",5221,"Salt Lake County, UT",18,NA,NA,NA,NA,NA,NA,NA,NA,NA,NA,NA,0,"no_spouse_no_kids","lt15k",0,0,0,0,0,0,0,0,0,0,0,0,0,0,0,0,0,0,0,0,0,0,0,0,0,0,"rent",0,0,0,0,0,0
557,"high_need",17180,"Salt Lake County, UT",19,NA,NA,NA,NA,NA,NA,NA,NA,NA,NA,NA,0,"no_spouse_no_kids","15to30k",0,0,0,0,0,0,0,0,0,0,0,0,0,0,0,0,0,0,0,0,0,0,0,0,0,0,"rent",0,0,0,0,0,0
558,"high_need",7720,"Salt Lake County, UT",24,NA,NA,NA,NA,NA,NA,NA,NA,NA,NA,NA,0,"no_spouse_no_kids","lt15k",0,0,0,0,0,0,0,0,0,0,0,0,0,0,0,0,0,0,0,0,0,0,0,0,0,0,"rent",0,0,0,0,0,0
559,"high_need",5810,"Salt Lake County, UT",21,0,NA,NA,NA,NA,NA,NA,NA,NA,NA,NA,0,"no_spouse_with_kids","lt15k",0,0,0,0,0,0,0,0,0,0,0,0,0,0,0,0,0,0,0,0,0,0,0,0,0,0,"rent",0,0,0,0,0,0
560,"high_need",30753,"Salt Lake County, UT",23,NA,NA,NA,NA,NA,NA,NA,NA,NA,NA,NA,0,"no_spouse_no_kids","ge30k",0,0,0,0,0,0,0,0,0,0,0,0,0,0,0,0,0,0,0,0,0,0,0,0,0,0,"rent",0,0,0,0,0,0
561,"high_need",6076,"Salt Lake County, UT",22,NA,NA,NA,NA,NA,NA,NA,NA,NA,NA,NA,0,"no_spouse_no_kids","lt15k",0,0,0,0,0,0,0,0,0,0,0,0,0,0,0,0,0,0,0,0,0,0,0,0,0,0,"rent",0,0,0,0,0,0
562,"high_need",15847,"Salt Lake County, UT",18,NA,NA,NA,NA,NA,NA,NA,NA,NA,NA,NA,0,"no_spouse_no_kids","15to30k",0,0,0,0,0,0,0,0,0,0,0,0,0,0,0,0,0,0,0,0,0,0,0,0,0,0,"rent",0,0,0,0,0,0
563,"high_need",53188,"Salt Lake County, UT",18,NA,NA,NA,NA,NA,NA,NA,NA,NA,NA,NA,0,"no_spouse_no_kids","ge30k",0,0,0,0,0,0,0,0,0,0,0,0,0,0,0,0,0,0,0,0,0,0,0,0,0,0,"rent",0,0,0,0,0,0
564,"high_need",35120,"Salt Lake County, UT",22,NA,NA,NA,NA,NA,NA,NA,NA,NA,NA,NA,0,"no_spouse_no_kids","ge30k",0,0,0,0,0,0,0,0,0,0,0,0,0,0,0,0,0,0,0,0,0,0,0,0,0,0,"rent",0,0,0,0,0,0
565,"high_need",9936,"Salt Lake County, UT",18,NA,NA,NA,NA,NA,NA,NA,NA,NA,NA,NA,0,"no_spouse_no_kids","lt15k",0,0,0,0,0,0,0,0,0,0,0,0,0,0,0,0,0,0,0,0,0,0,0,0,0,0,"rent",0,0,0,0,0,0
566,"high_need",18135,"Salt Lake County, UT",18,1,NA,NA,NA,NA,NA,NA,NA,NA,NA,NA,0,"no_spouse_with_kids","15to30k",0,0,0,0,0,0,0,0,0,0,0,0,0,0,0,0,0,0,0,0,0,0,0,0,0,0,"rent",0,0,0,0,0,0
567,"high_need",4026,"Salt Lake County, UT",22,NA,NA,NA,NA,NA,NA,NA,NA,NA,NA,NA,0,"no_spouse_no_kids","lt15k",0,0,0,0,0,0,0,0,0,0,0,0,0,0,0,0,0,0,0,0,0,0,0,0,0,0,"rent",0,0,0,0,0,0
568,"high_need",31348,"Salt Lake County, UT",19,NA,NA,NA,NA,NA,NA,NA,NA,NA,NA,NA,0,"no_spouse_no_kids","ge30k",0,0,0,0,0,0,0,0,0,0,0,0,0,0,0,0,0,0,0,0,0,0,0,0,0,0,"rent",0,0,0,0,0,0
569,"high_need",17339,"Salt Lake County, UT",24,NA,NA,NA,NA,NA,NA,NA,NA,NA,NA,NA,0,"no_spouse_no_kids","15to30k",0,0,0,0,0,0,0,0,0,0,0,0,0,0,0,0,0,0,0,0,0,0,0,0,0,0,"rent",0,0,0,0,0,0
570,"high_need",5933,"Salt Lake County, UT",20,NA,NA,NA,NA,NA,NA,NA,NA,NA,NA,NA,0,"no_spouse_no_kids","lt15k",0,0,0,0,0,0,0,0,0,0,0,0,0,0,0,0,0,0,0,0,0,0,0,0,0,0,"rent",0,0,0,0,0,0
571,"high_need",56158,"Salt Lake County, UT",21,1,NA,NA,NA,NA,NA,NA,NA,NA,NA,NA,0,"no_spouse_with_kids","ge30k",0,0,0,0,0,0,0,0,0,0,0,0,0,0,0,0,0,0,0,0,0,0,0,0,0,0,"rent",0,0,0,0,0,0
572,"high_need",3151,"Salt Lake County, UT",19,NA,NA,NA,NA,NA,NA,NA,NA,NA,NA,NA,0,"no_spouse_no_kids","lt15k",0,0,0,0,0,0,0,0,0,0,0,0,0,0,0,0,0,0,0,0,0,0,0,0,0,0,"rent",0,0,0,0,0,0
573,"high_need",16687,"Salt Lake County, UT",18,NA,NA,NA,NA,NA,NA,NA,NA,NA,NA,NA,0,"no_spouse_no_kids","15to30k",0,0,0,0,0,0,0,0,0,0,0,0,0,0,0,0,0,0,0,0,0,0,0,0,0,0,"rent",0,0,0,0,0,0
574,"high_need",15807,"Salt Lake County, UT",21,NA,NA,NA,NA,NA,NA,NA,NA,NA,NA,NA,0,"no_spouse_no_kids","15to30k",0,0,0,0,0,0,0,0,0,0,0,0,0,0,0,0,0,0,0,0,0,0,0,0,0,0,"rent",0,0,0,0,0,0
575,"high_need",64345,"Salt Lake County, UT",19,NA,NA,NA,NA,NA,NA,NA,NA,NA,NA,NA,0,"no_spouse_no_kids","ge30k",0,0,0,0,0,0,0,0,0,0,0,0,0,0,0,0,0,0,0,0,0,0,0,0,0,0,"rent",0,0,0,0,0,0
576,"high_need",34755,"Salt Lake County, UT",18,NA,NA,NA,NA,NA,NA,NA,NA,NA,NA,NA,0,"no_spouse_no_kids","ge30k",0,0,0,0,0,0,0,0,0,0,0,0,0,0,0,0,0,0,0,0,0,0,0,0,0,0,"rent",0,0,0,0,0,0
577,"high_need",15043,"Salt Lake County, UT",22,0,NA,NA,NA,NA,NA,NA,NA,NA,NA,NA,0,"no_spouse_with_kids","15to30k",0,0,0,0,0,0,0,0,0,0,0,0,0,0,0,0,0,0,0,0,0,0,0,0,0,0,"rent",0,0,0,0,0,0
578,"high_need",34329,"Salt Lake County, UT",24,NA,NA,NA,NA,NA,NA,NA,NA,NA,NA,NA,0,"no_spouse_no_kids","ge30k",0,0,0,0,0,0,0,0,0,0,0,0,0,0,0,0,0,0,0,0,0,0,0,0,0,0,"rent",0,0,0,0,0,0
579,"high_need",31944,"Salt Lake County, UT",23,NA,NA,NA,NA,NA,NA,NA,NA,NA,NA,NA,0,"no_spouse_no_kids","ge30k",0,0,0,0,0,0,0,0,0,0,0,0,0,0,0,0,0,0,0,0,0,0,0,0,0,0,"rent",0,0,0,0,0,0
580,"high_need",8683,"Salt Lake County, UT",23,NA,NA,NA,NA,NA,NA,NA,NA,NA,NA,NA,0,"no_spouse_no_kids","lt15k",0,0,0,0,0,0,0,0,0,0,0,0,0,0,0,0,0,0,0,0,0,0,0,0,0,0,"rent",0,0,0,0,0,0
581,"high_need",21172,"Salt Lake County, UT",20,2,NA,NA,NA,NA,NA,NA,NA,NA,NA,NA,0,"no_spouse_with_kids","15to30k",0,0,0,0,0,0,0,0,0,0,0,0,0,0,0,0,0,0,0,0,0,0,0,0,0,0,"rent",0,0,0,0,0,0
582,"high_need",18127,"Salt Lake County, UT",20,NA,NA,NA,NA,NA,NA,NA,NA,NA,NA,NA,0,"no_spouse_no_kids","15to30k",0,0,0,0,0,0,0,0,0,0,0,0,0,0,0,0,0,0,0,0,0,0,0,0,0,0,"rent",0,0,0,0,0,0
583,"high_need",4163,"Salt Lake County, UT",19,NA,NA,NA,NA,NA,NA,NA,NA,NA,NA,NA,0,"no_spouse_no_kids","lt15k",0,0,0,0,0,0,0,0,0,0,0,0,0,0,0,0,0,0,0,0,0,0,0,0,0,0,"rent",0,0,0,0,0,0
584,"high_need",4212,"Salt Lake County, UT",21,NA,NA,NA,NA,NA,NA,NA,NA,NA,NA,NA,0,"no_spouse_no_kids","lt15k",0,0,0,0,0,0,0,0,0,0,0,0,0,0,0,0,0,0,0,0,0,0,0,0,0,0,"rent",0,0,0,0,0,0
585,"high_need",77537,"Salt Lake County, UT",20,NA,NA,NA,NA,NA,NA,NA,NA,NA,NA,NA,0,"no_spouse_no_kids","ge30k",0,0,0,0,0,0,0,0,0,0,0,0,0,0,0,0,0,0,0,0,0,0,0,0,0,0,"rent",0,0,0,0,0,0
586,"high_need",16425,"Salt Lake County, UT",21,NA,NA,NA,NA,NA,NA,NA,NA,NA,NA,NA,0,"no_spouse_no_kids","15to30k",0,0,0,0,0,0,0,0,0,0,0,0,0,0,0,0,0,0,0,0,0,0,0,0,0,0,"rent",0,0,0,0,0,0
587,"high_need",17982,"Salt Lake County, UT",22,NA,NA,NA,NA,NA,NA,NA,NA,NA,NA,NA,0,"no_spouse_no_kids","15to30k",0,0,0,0,0,0,0,0,0,0,0,0,0,0,0,0,0,0,0,0,0,0,0,0,0,0,"rent",0,0,0,0,0,0
588,"high_need",87747,"Salt Lake County, UT",18,NA,NA,NA,NA,NA,NA,NA,NA,NA,NA,NA,0,"no_spouse_no_kids","ge30k",0,0,0,0,0,0,0,0,0,0,0,0,0,0,0,0,0,0,0,0,0,0,0,0,0,0,"rent",0,0,0,0,0,0
589,"high_need",9067,"Salt Lake County, UT",18,NA,NA,NA,NA,NA,NA,NA,NA,NA,NA,NA,0,"no_spouse_no_kids","lt15k",0,0,0,0,0,0,0,0,0,0,0,0,0,0,0,0,0,0,0,0,0,0,0,0,0,0,"rent",0,0,0,0,0,0
590,"high_need",8003,"Salt Lake County, UT",19,NA,NA,NA,NA,NA,NA,NA,NA,NA,NA,NA,0,"no_spouse_no_kids","lt15k",0,0,0,0,0,0,0,0,0,0,0,0,0,0,0,0,0,0,0,0,0,0,0,0,0,0,"rent",0,0,0,0,0,0
591,"high_need",16257,"Salt Lake County, UT",22,NA,NA,NA,NA,NA,NA,NA,NA,NA,NA,NA,0,"no_spouse_no_kids","15to30k",0,0,0,0,0,0,0,0,0,0,0,0,0,0,0,0,0,0,0,0,0,0,0,0,0,0,"rent",0,0,0,0,0,0
592,"high_need",17285,"Salt Lake County, UT",22,NA,NA,NA,NA,NA,NA,NA,NA,NA,NA,NA,0,"no_spouse_no_kids","15to30k",0,0,0,0,0,0,0,0,0,0,0,0,0,0,0,0,0,0,0,0,0,0,0,0,0,0,"rent",0,0,0,0,0,0
593,"high_need",5049,"Salt Lake County, UT",18,NA,NA,NA,NA,NA,NA,NA,NA,NA,NA,NA,0,"no_spouse_no_kids","lt15k",0,0,0,0,0,0,0,0,0,0,0,0,0,0,0,0,0,0,0,0,0,0,0,0,0,0,"rent",0,0,0,0,0,0
594,"high_need",16982,"Salt Lake County, UT",24,NA,NA,NA,NA,NA,NA,NA,NA,NA,NA,NA,0,"no_spouse_no_kids","15to30k",0,0,0,0,0,0,0,0,0,0,0,0,0,0,0,0,0,0,0,0,0,0,0,0,0,0,"rent",0,0,0,0,0,0
595,"high_need",19440,"Salt Lake County, UT",24,24,3,NA,NA,NA,NA,NA,NA,NA,NA,NA,1,"spouse_with_kids","15to30k",0,0,0,0,0,0,0,0,0,0,0,0,0,0,0,0,0,0,0,0,0,0,0,0,0,0,"rent",0,0,0,0,0,0
596,"high_need",42790,"Salt Lake County, UT",18,NA,NA,NA,NA,NA,NA,NA,NA,NA,NA,NA,0,"no_spouse_no_kids","ge30k",0,0,0,0,0,0,0,0,0,0,0,0,0,0,0,0,0,0,0,0,0,0,0,0,0,0,"rent",0,0,0,0,0,0
597,"high_need",4517,"Salt Lake County, UT",24,NA,NA,NA,NA,NA,NA,NA,NA,NA,NA,NA,0,"no_spouse_no_kids","lt15k",0,0,0,0,0,0,0,0,0,0,0,0,0,0,0,0,0,0,0,0,0,0,0,0,0,0,"rent",0,0,0,0,0,0
598,"high_need",40744,"Salt Lake County, UT",23,NA,NA,NA,NA,NA,NA,NA,NA,NA,NA,NA,0,"no_spouse_no_kids","ge30k",0,0,0,0,0,0,0,0,0,0,0,0,0,0,0,0,0,0,0,0,0,0,0,0,0,0,"rent",0,0,0,0,0,0
599,"high_need",17328,"Salt Lake County, UT",19,NA,NA,NA,NA,NA,NA,NA,NA,NA,NA,NA,0,"no_spouse_no_kids","15to30k",0,0,0,0,0,0,0,0,0,0,0,0,0,0,0,0,0,0,0,0,0,0,0,0,0,0,"rent",0,0,0,0,0,0
600,"high_need",1156,"Salt Lake County, UT",23,NA,NA,NA,NA,NA,NA,NA,NA,NA,NA,NA,0,"no_spouse_no_kids","lt15k",0,0,0,0,0,0,0,0,0,0,0,0,0,0,0,0,0,0,0,0,0,0,0,0,0,0,"rent",0,0,0,0,0,0
601,"high_need",45985,"Salt Lake County, UT",21,NA,NA,NA,NA,NA,NA,NA,NA,NA,NA,NA,0,"no_spouse_no_kids","ge30k",0,0,0,0,0,0,0,0,0,0,0,0,0,0,0,0,0,0,0,0,0,0,0,0,0,0,"rent",0,0,0,0,0,0
602,"high_need",17055,"Salt Lake County, UT",18,NA,NA,NA,NA,NA,NA,NA,NA,NA,NA,NA,0,"no_spouse_no_kids","15to30k",0,0,0,0,0,0,0,0,0,0,0,0,0,0,0,0,0,0,0,0,0,0,0,0,0,0,"rent",0,0,0,0,0,0
603,"high_need",3408,"Salt Lake County, UT",22,NA,NA,NA,NA,NA,NA,NA,NA,NA,NA,NA,0,"no_spouse_no_kids","lt15k",0,0,0,0,0,0,0,0,0,0,0,0,0,0,0,0,0,0,0,0,0,0,0,0,0,0,"rent",0,0,0,0,0,0
604,"high_need",52540,"Salt Lake County, UT",21,NA,NA,NA,NA,NA,NA,NA,NA,NA,NA,NA,0,"no_spouse_no_kids","ge30k",0,0,0,0,0,0,0,0,0,0,0,0,0,0,0,0,0,0,0,0,0,0,0,0,0,0,"rent",0,0,0,0,0,0
605,"high_need",13295,"Salt Lake County, UT",24,0,NA,NA,NA,NA,NA,NA,NA,NA,NA,NA,0,"no_spouse_with_kids","lt15k",0,0,0,0,0,0,0,0,0,0,0,0,0,0,0,0,0,0,0,0,0,0,0,0,0,0,"rent",0,0,0,0,0,0
606,"high_need",83045,"Salt Lake County, UT",18,NA,NA,NA,NA,NA,NA,NA,NA,NA,NA,NA,0,"no_spouse_no_kids","ge30k",0,0,0,0,0,0,0,0,0,0,0,0,0,0,0,0,0,0,0,0,0,0,0,0,0,0,"rent",0,0,0,0,0,0
607,"high_need",23432,"Salt Lake County, UT",21,NA,NA,NA,NA,NA,NA,NA,NA,NA,NA,NA,0,"no_spouse_no_kids","15to30k",0,0,0,0,0,0,0,0,0,0,0,0,0,0,0,0,0,0,0,0,0,0,0,0,0,0,"rent",0,0,0,0,0,0
608,"high_need",45148,"Salt Lake County, UT",19,NA,NA,NA,NA,NA,NA,NA,NA,NA,NA,NA,0,"no_spouse_no_kids","ge30k",0,0,0,0,0,0,0,0,0,0,0,0,0,0,0,0,0,0,0,0,0,0,0,0,0,0,"rent",0,0,0,0,0,0
609,"high_need",33769,"Salt Lake County, UT",22,NA,NA,NA,NA,NA,NA,NA,NA,NA,NA,NA,0,"no_spouse_no_kids","ge30k",0,0,0,0,0,0,0,0,0,0,0,0,0,0,0,0,0,0,0,0,0,0,0,0,0,0,"rent",0,0,0,0,0,0
610,"high_need",41817,"Salt Lake County, UT",21,NA,NA,NA,NA,NA,NA,NA,NA,NA,NA,NA,0,"no_spouse_no_kids","ge30k",0,0,0,0,0,0,0,0,0,0,0,0,0,0,0,0,0,0,0,0,0,0,0,0,0,0,"rent",0,0,0,0,0,0
611,"high_need",5388,"Salt Lake County, UT",19,NA,NA,NA,NA,NA,NA,NA,NA,NA,NA,NA,0,"no_spouse_no_kids","lt15k",0,0,0,0,0,0,0,0,0,0,0,0,0,0,0,0,0,0,0,0,0,0,0,0,0,0,"rent",0,0,0,0,0,0
612,"high_need",111215,"Salt Lake County, UT",21,NA,NA,NA,NA,NA,NA,NA,NA,NA,NA,NA,0,"no_spouse_no_kids","ge30k",0,0,0,0,0,0,0,0,0,0,0,0,0,0,0,0,0,0,0,0,0,0,0,0,0,0,"rent",0,0,0,0,0,0
613,"high_need",48098,"Salt Lake County, UT",21,NA,NA,NA,NA,NA,NA,NA,NA,NA,NA,NA,0,"no_spouse_no_kids","ge30k",0,0,0,0,0,0,0,0,0,0,0,0,0,0,0,0,0,0,0,0,0,0,0,0,0,0,"rent",0,0,0,0,0,0
614,"high_need",80136,"Salt Lake County, UT",19,NA,NA,NA,NA,NA,NA,NA,NA,NA,NA,NA,0,"no_spouse_no_kids","ge30k",0,0,0,0,0,0,0,0,0,0,0,0,0,0,0,0,0,0,0,0,0,0,0,0,0,0,"rent",0,0,0,0,0,0
615,"high_need",20218,"Salt Lake County, UT",18,18,NA,NA,NA,NA,NA,NA,NA,NA,NA,NA,1,"spouse_no_kids","15to30k",0,0,0,0,0,0,0,0,0,0,0,0,0,0,0,0,0,0,0,0,0,0,0,0,0,0,"rent",0,0,0,0,0,0
616,"high_need",44488,"Salt Lake County, UT",20,20,0,NA,NA,NA,NA,NA,NA,NA,NA,NA,1,"spouse_with_kids","ge30k",0,0,0,0,0,0,0,0,0,0,0,0,0,0,0,0,0,0,0,0,0,0,0,0,0,0,"rent",0,0,0,0,0,0
617,"high_need",39032,"Salt Lake County, UT",20,NA,NA,NA,NA,NA,NA,NA,NA,NA,NA,NA,0,"no_spouse_no_kids","ge30k",0,0,0,0,0,0,0,0,0,0,0,0,0,0,0,0,0,0,0,0,0,0,0,0,0,0,"rent",0,0,0,0,0,0
618,"high_need",8240,"Salt Lake County, UT",18,NA,NA,NA,NA,NA,NA,NA,NA,NA,NA,NA,0,"no_spouse_no_kids","lt15k",0,0,0,0,0,0,0,0,0,0,0,0,0,0,0,0,0,0,0,0,0,0,0,0,0,0,"rent",0,0,0,0,0,0
619,"high_need",17825,"Salt Lake County, UT",19,20,2,NA,NA,NA,NA,NA,NA,NA,NA,NA,1,"spouse_with_kids","15to30k",0,0,0,0,0,0,0,0,0,0,0,0,0,0,0,0,0,0,0,0,0,0,0,0,0,0,"rent",0,0,0,0,0,0
620,"high_need",45487,"Salt Lake County, UT",24,NA,NA,NA,NA,NA,NA,NA,NA,NA,NA,NA,0,"no_spouse_no_kids","ge30k",0,0,0,0,0,0,0,0,0,0,0,0,0,0,0,0,0,0,0,0,0,0,0,0,0,0,"rent",0,0,0,0,0,0
621,"high_need",15672,"Salt Lake County, UT",19,NA,NA,NA,NA,NA,NA,NA,NA,NA,NA,NA,0,"no_spouse_no_kids","15to30k",0,0,0,0,0,0,0,0,0,0,0,0,0,0,0,0,0,0,0,0,0,0,0,0,0,0,"rent",0,0,0,0,0,0
622,"high_need",44363,"Salt Lake County, UT",20,NA,NA,NA,NA,NA,NA,NA,NA,NA,NA,NA,0,"no_spouse_no_kids","ge30k",0,0,0,0,0,0,0,0,0,0,0,0,0,0,0,0,0,0,0,0,0,0,0,0,0,0,"rent",0,0,0,0,0,0
623,"high_need",4946,"Salt Lake County, UT",18,0,NA,NA,NA,NA,NA,NA,NA,NA,NA,NA,0,"no_spouse_with_kids","lt15k",0,0,0,0,0,0,0,0,0,0,0,0,0,0,0,0,0,0,0,0,0,0,0,0,0,0,"rent",0,0,0,0,0,0
624,"high_need",7329,"Salt Lake County, UT",23,NA,NA,NA,NA,NA,NA,NA,NA,NA,NA,NA,0,"no_spouse_no_kids","lt15k",0,0,0,0,0,0,0,0,0,0,0,0,0,0,0,0,0,0,0,0,0,0,0,0,0,0,"rent",0,0,0,0,0,0
625,"high_need",20448,"Salt Lake County, UT",22,NA,NA,NA,NA,NA,NA,NA,NA,NA,NA,NA,0,"no_spouse_no_kids","15to30k",0,0,0,0,0,0,0,0,0,0,0,0,0,0,0,0,0,0,0,0,0,0,0,0,0,0,"rent",0,0,0,0,0,0
626,"high_need",82136,"Salt Lake County, UT",24,NA,NA,NA,NA,NA,NA,NA,NA,NA,NA,NA,0,"no_spouse_no_kids","ge30k",0,0,0,0,0,0,0,0,0,0,0,0,0,0,0,0,0,0,0,0,0,0,0,0,0,0,"rent",0,0,0,0,0,0
627,"high_need",5342,"Salt Lake County, UT",23,NA,NA,NA,NA,NA,NA,NA,NA,NA,NA,NA,0,"no_spouse_no_kids","lt15k",0,0,0,0,0,0,0,0,0,0,0,0,0,0,0,0,0,0,0,0,0,0,0,0,0,0,"rent",0,0,0,0,0,0
628,"high_need",9592,"Salt Lake County, UT",20,2,NA,NA,NA,NA,NA,NA,NA,NA,NA,NA,0,"no_spouse_with_kids","lt15k",0,0,0,0,0,0,0,0,0,0,0,0,0,0,0,0,0,0,0,0,0,0,0,0,0,0,"rent",0,0,0,0,0,0
629,"high_need",3989,"Salt Lake County, UT",21,NA,NA,NA,NA,NA,NA,NA,NA,NA,NA,NA,0,"no_spouse_no_kids","lt15k",0,0,0,0,0,0,0,0,0,0,0,0,0,0,0,0,0,0,0,0,0,0,0,0,0,0,"rent",0,0,0,0,0,0
630,"high_need",68865,"Salt Lake County, UT",21,NA,NA,NA,NA,NA,NA,NA,NA,NA,NA,NA,0,"no_spouse_no_kids","ge30k",0,0,0,0,0,0,0,0,0,0,0,0,0,0,0,0,0,0,0,0,0,0,0,0,0,0,"rent",0,0,0,0,0,0
631,"high_need",373,"Salt Lake County, UT",19,NA,NA,NA,NA,NA,NA,NA,NA,NA,NA,NA,0,"no_spouse_no_kids","lt15k",0,0,0,0,0,0,0,0,0,0,0,0,0,0,0,0,0,0,0,0,0,0,0,0,0,0,"rent",0,0,0,0,0,0
632,"high_need",8196,"Salt Lake County, UT",20,NA,NA,NA,NA,NA,NA,NA,NA,NA,NA,NA,0,"no_spouse_no_kids","lt15k",0,0,0,0,0,0,0,0,0,0,0,0,0,0,0,0,0,0,0,0,0,0,0,0,0,0,"rent",0,0,0,0,0,0
633,"high_need",4787,"Salt Lake County, UT",22,NA,NA,NA,NA,NA,NA,NA,NA,NA,NA,NA,0,"no_spouse_no_kids","lt15k",0,0,0,0,0,0,0,0,0,0,0,0,0,0,0,0,0,0,0,0,0,0,0,0,0,0,"rent",0,0,0,0,0,0
634,"high_need",9890,"Salt Lake County, UT",18,NA,NA,NA,NA,NA,NA,NA,NA,NA,NA,NA,0,"no_spouse_no_kids","lt15k",0,0,0,0,0,0,0,0,0,0,0,0,0,0,0,0,0,0,0,0,0,0,0,0,0,0,"rent",0,0,0,0,0,0
635,"high_need",40665,"Salt Lake County, UT",24,NA,NA,NA,NA,NA,NA,NA,NA,NA,NA,NA,0,"no_spouse_no_kids","ge30k",0,0,0,0,0,0,0,0,0,0,0,0,0,0,0,0,0,0,0,0,0,0,0,0,0,0,"rent",0,0,0,0,0,0
636,"high_need",5873,"Salt Lake County, UT",24,NA,NA,NA,NA,NA,NA,NA,NA,NA,NA,NA,0,"no_spouse_no_kids","lt15k",0,0,0,0,0,0,0,0,0,0,0,0,0,0,0,0,0,0,0,0,0,0,0,0,0,0,"rent",0,0,0,0,0,0
637,"high_need",41312,"Salt Lake County, UT",18,0,NA,NA,NA,NA,NA,NA,NA,NA,NA,NA,0,"no_spouse_with_kids","ge30k",0,0,0,0,0,0,0,0,0,0,0,0,0,0,0,0,0,0,0,0,0,0,0,0,0,0,"rent",0,0,0,0,0,0
638,"high_need",43356,"Salt Lake County, UT",19,NA,NA,NA,NA,NA,NA,NA,NA,NA,NA,NA,0,"no_spouse_no_kids","ge30k",0,0,0,0,0,0,0,0,0,0,0,0,0,0,0,0,0,0,0,0,0,0,0,0,0,0,"rent",0,0,0,0,0,0
639,"high_need",56359,"Salt Lake County, UT",18,NA,NA,NA,NA,NA,NA,NA,NA,NA,NA,NA,0,"no_spouse_no_kids","ge30k",0,0,0,0,0,0,0,0,0,0,0,0,0,0,0,0,0,0,0,0,0,0,0,0,0,0,"rent",0,0,0,0,0,0
640,"high_need",9861,"Salt Lake County, UT",23,NA,NA,NA,NA,NA,NA,NA,NA,NA,NA,NA,0,"no_spouse_no_kids","lt15k",0,0,0,0,0,0,0,0,0,0,0,0,0,0,0,0,0,0,0,0,0,0,0,0,0,0,"rent",0,0,0,0,0,0
641,"high_need",42516,"Salt Lake County, UT",18,NA,NA,NA,NA,NA,NA,NA,NA,NA,NA,NA,0,"no_spouse_no_kids","ge30k",0,0,0,0,0,0,0,0,0,0,0,0,0,0,0,0,0,0,0,0,0,0,0,0,0,0,"rent",0,0,0,0,0,0
642,"high_need",47989,"Salt Lake County, UT",19,NA,NA,NA,NA,NA,NA,NA,NA,NA,NA,NA,0,"no_spouse_no_kids","ge30k",0,0,0,0,0,0,0,0,0,0,0,0,0,0,0,0,0,0,0,0,0,0,0,0,0,0,"rent",0,0,0,0,0,0
643,"high_need",15168,"Salt Lake County, UT",20,25,NA,NA,NA,NA,NA,NA,NA,NA,NA,NA,1,"spouse_no_kids","15to30k",0,0,0,0,0,0,0,0,0,0,0,0,0,0,0,0,0,0,0,0,0,0,0,0,0,0,"rent",0,0,0,0,0,0
644,"high_need",48834,"Salt Lake County, UT",22,21,0,NA,NA,NA,NA,NA,NA,NA,NA,NA,1,"spouse_with_kids","ge30k",0,0,0,0,0,0,0,0,0,0,0,0,0,0,0,0,0,0,0,0,0,0,0,0,0,0,"rent",0,0,0,0,0,0
645,"high_need",6551,"Salt Lake County, UT",21,NA,NA,NA,NA,NA,NA,NA,NA,NA,NA,NA,0,"no_spouse_no_kids","lt15k",0,0,0,0,0,0,0,0,0,0,0,0,0,0,0,0,0,0,0,0,0,0,0,0,0,0,"rent",0,0,0,0,0,0
646,"high_need",4453,"Salt Lake County, UT",20,NA,NA,NA,NA,NA,NA,NA,NA,NA,NA,NA,0,"no_spouse_no_kids","lt15k",0,0,0,0,0,0,0,0,0,0,0,0,0,0,0,0,0,0,0,0,0,0,0,0,0,0,"rent",0,0,0,0,0,0
647,"high_need",38975,"Salt Lake County, UT",19,NA,NA,NA,NA,NA,NA,NA,NA,NA,NA,NA,0,"no_spouse_no_kids","ge30k",0,0,0,0,0,0,0,0,0,0,0,0,0,0,0,0,0,0,0,0,0,0,0,0,0,0,"rent",0,0,0,0,0,0
648,"high_need",51105,"Salt Lake County, UT",23,22,0,NA,NA,NA,NA,NA,NA,NA,NA,NA,1,"spouse_with_kids","ge30k",0,0,0,0,0,0,0,0,0,0,0,0,0,0,0,0,0,0,0,0,0,0,0,0,0,0,"rent",0,0,0,0,0,0
649,"high_need",17380,"Salt Lake County, UT",22,NA,NA,NA,NA,NA,NA,NA,NA,NA,NA,NA,0,"no_spouse_no_kids","15to30k",0,0,0,0,0,0,0,0,0,0,0,0,0,0,0,0,0,0,0,0,0,0,0,0,0,0,"rent",0,0,0,0,0,0
650,"high_need",19631,"Salt Lake County, UT",19,NA,NA,NA,NA,NA,NA,NA,NA,NA,NA,NA,0,"no_spouse_no_kids","15to30k",0,0,0,0,0,0,0,0,0,0,0,0,0,0,0,0,0,0,0,0,0,0,0,0,0,0,"rent",0,0,0,0,0,0
651,"high_need",16472,"Salt Lake County, UT",20,NA,NA,NA,NA,NA,NA,NA,NA,NA,NA,NA,0,"no_spouse_no_kids","15to30k",0,0,0,0,0,0,0,0,0,0,0,0,0,0,0,0,0,0,0,0,0,0,0,0,0,0,"rent",0,0,0,0,0,0
652,"high_need",35497,"Salt Lake County, UT",18,NA,NA,NA,NA,NA,NA,NA,NA,NA,NA,NA,0,"no_spouse_no_kids","ge30k",0,0,0,0,0,0,0,0,0,0,0,0,0,0,0,0,0,0,0,0,0,0,0,0,0,0,"rent",0,0,0,0,0,0
653,"high_need",16582,"Salt Lake County, UT",24,NA,NA,NA,NA,NA,NA,NA,NA,NA,NA,NA,0,"no_spouse_no_kids","15to30k",0,0,0,0,0,0,0,0,0,0,0,0,0,0,0,0,0,0,0,0,0,0,0,0,0,0,"rent",0,0,0,0,0,0
654,"high_need",18601,"Salt Lake County, UT",21,NA,NA,NA,NA,NA,NA,NA,NA,NA,NA,NA,0,"no_spouse_no_kids","15to30k",0,0,0,0,0,0,0,0,0,0,0,0,0,0,0,0,0,0,0,0,0,0,0,0,0,0,"rent",0,0,0,0,0,0
655,"high_need",17849,"Salt Lake County, UT",20,NA,NA,NA,NA,NA,NA,NA,NA,NA,NA,NA,0,"no_spouse_no_kids","15to30k",0,0,0,0,0,0,0,0,0,0,0,0,0,0,0,0,0,0,0,0,0,0,0,0,0,0,"rent",0,0,0,0,0,0
656,"high_need",59970,"Salt Lake County, UT",18,NA,NA,NA,NA,NA,NA,NA,NA,NA,NA,NA,0,"no_spouse_no_kids","ge30k",0,0,0,0,0,0,0,0,0,0,0,0,0,0,0,0,0,0,0,0,0,0,0,0,0,0,"rent",0,0,0,0,0,0
657,"high_need",38252,"Salt Lake County, UT",20,NA,NA,NA,NA,NA,NA,NA,NA,NA,NA,NA,0,"no_spouse_no_kids","ge30k",0,0,0,0,0,0,0,0,0,0,0,0,0,0,0,0,0,0,0,0,0,0,0,0,0,0,"rent",0,0,0,0,0,0
658,"high_need",7677,"Salt Lake County, UT",23,NA,NA,NA,NA,NA,NA,NA,NA,NA,NA,NA,0,"no_spouse_no_kids","lt15k",0,0,0,0,0,0,0,0,0,0,0,0,0,0,0,0,0,0,0,0,0,0,0,0,0,0,"rent",0,0,0,0,0,0
659,"high_need",35005,"Salt Lake County, UT",21,1,NA,NA,NA,NA,NA,NA,NA,NA,NA,NA,0,"no_spouse_with_kids","ge30k",0,0,0,0,0,0,0,0,0,0,0,0,0,0,0,0,0,0,0,0,0,0,0,0,0,0,"rent",0,0,0,0,0,0
660,"high_need",16877,"Salt Lake County, UT",23,NA,NA,NA,NA,NA,NA,NA,NA,NA,NA,NA,0,"no_spouse_no_kids","15to30k",0,0,0,0,0,0,0,0,0,0,0,0,0,0,0,0,0,0,0,0,0,0,0,0,0,0,"rent",0,0,0,0,0,0
661,"high_need",66485,"Salt Lake County, UT",20,NA,NA,NA,NA,NA,NA,NA,NA,NA,NA,NA,0,"no_spouse_no_kids","ge30k",0,0,0,0,0,0,0,0,0,0,0,0,0,0,0,0,0,0,0,0,0,0,0,0,0,0,"rent",0,0,0,0,0,0
662,"high_need",16977,"Salt Lake County, UT",20,NA,NA,NA,NA,NA,NA,NA,NA,NA,NA,NA,0,"no_spouse_no_kids","15to30k",0,0,0,0,0,0,0,0,0,0,0,0,0,0,0,0,0,0,0,0,0,0,0,0,0,0,"rent",0,0,0,0,0,0
663,"high_need",18127,"Salt Lake County, UT",22,NA,NA,NA,NA,NA,NA,NA,NA,NA,NA,NA,0,"no_spouse_no_kids","15to30k",0,0,0,0,0,0,0,0,0,0,0,0,0,0,0,0,0,0,0,0,0,0,0,0,0,0,"rent",0,0,0,0,0,0
664,"high_need",18667,"Salt Lake County, UT",19,NA,NA,NA,NA,NA,NA,NA,NA,NA,NA,NA,0,"no_spouse_no_kids","15to30k",0,0,0,0,0,0,0,0,0,0,0,0,0,0,0,0,0,0,0,0,0,0,0,0,0,0,"rent",0,0,0,0,0,0
665,"high_need",20736,"Salt Lake County, UT",24,NA,NA,NA,NA,NA,NA,NA,NA,NA,NA,NA,0,"no_spouse_no_kids","15to30k",0,0,0,0,0,0,0,0,0,0,0,0,0,0,0,0,0,0,0,0,0,0,0,0,0,0,"rent",0,0,0,0,0,0
666,"high_need",70489,"Salt Lake County, UT",22,NA,NA,NA,NA,NA,NA,NA,NA,NA,NA,NA,0,"no_spouse_no_kids","ge30k",0,0,0,0,0,0,0,0,0,0,0,0,0,0,0,0,0,0,0,0,0,0,0,0,0,0,"rent",0,0,0,0,0,0
667,"high_need",55209,"Salt Lake County, UT",19,NA,NA,NA,NA,NA,NA,NA,NA,NA,NA,NA,0,"no_spouse_no_kids","ge30k",0,0,0,0,0,0,0,0,0,0,0,0,0,0,0,0,0,0,0,0,0,0,0,0,0,0,"rent",0,0,0,0,0,0
668,"high_need",32874,"Salt Lake County, UT",23,0,NA,NA,NA,NA,NA,NA,NA,NA,NA,NA,0,"no_spouse_with_kids","ge30k",0,0,0,0,0,0,0,0,0,0,0,0,0,0,0,0,0,0,0,0,0,0,0,0,0,0,"rent",0,0,0,0,0,0
669,"high_need",78611,"Salt Lake County, UT",18,NA,NA,NA,NA,NA,NA,NA,NA,NA,NA,NA,0,"no_spouse_no_kids","ge30k",0,0,0,0,0,0,0,0,0,0,0,0,0,0,0,0,0,0,0,0,0,0,0,0,0,0,"rent",0,0,0,0,0,0
670,"high_need",4122,"Salt Lake County, UT",23,NA,NA,NA,NA,NA,NA,NA,NA,NA,NA,NA,0,"no_spouse_no_kids","lt15k",0,0,0,0,0,0,0,0,0,0,0,0,0,0,0,0,0,0,0,0,0,0,0,0,0,0,"rent",0,0,0,0,0,0
671,"high_need",16452,"Salt Lake County, UT",24,26,NA,NA,NA,NA,NA,NA,NA,NA,NA,NA,1,"spouse_no_kids","15to30k",0,0,0,0,0,0,0,0,0,0,0,0,0,0,0,0,0,0,0,0,0,0,0,0,0,0,"rent",0,0,0,0,0,0
672,"high_need",20792,"Salt Lake County, UT",23,NA,NA,NA,NA,NA,NA,NA,NA,NA,NA,NA,0,"no_spouse_no_kids","15to30k",0,0,0,0,0,0,0,0,0,0,0,0,0,0,0,0,0,0,0,0,0,0,0,0,0,0,"rent",0,0,0,0,0,0
673,"high_need",36104,"Salt Lake County, UT",22,NA,NA,NA,NA,NA,NA,NA,NA,NA,NA,NA,0,"no_spouse_no_kids","ge30k",0,0,0,0,0,0,0,0,0,0,0,0,0,0,0,0,0,0,0,0,0,0,0,0,0,0,"rent",0,0,0,0,0,0
674,"high_need",10554,"Salt Lake County, UT",23,26,NA,NA,NA,NA,NA,NA,NA,NA,NA,NA,1,"spouse_no_kids","lt15k",0,0,0,0,0,0,0,0,0,0,0,0,0,0,0,0,0,0,0,0,0,0,0,0,0,0,"rent",0,0,0,0,0,0
675,"high_need",15887,"Salt Lake County, UT",23,22,NA,NA,NA,NA,NA,NA,NA,NA,NA,NA,1,"spouse_no_kids","15to30k",0,0,0,0,0,0,0,0,0,0,0,0,0,0,0,0,0,0,0,0,0,0,0,0,0,0,"rent",0,0,0,0,0,0
676,"high_need",31423,"Salt Lake County, UT",18,NA,NA,NA,NA,NA,NA,NA,NA,NA,NA,NA,0,"no_spouse_no_kids","ge30k",0,0,0,0,0,0,0,0,0,0,0,0,0,0,0,0,0,0,0,0,0,0,0,0,0,0,"rent",0,0,0,0,0,0
677,"high_need",5940,"Salt Lake County, UT",20,NA,NA,NA,NA,NA,NA,NA,NA,NA,NA,NA,0,"no_spouse_no_kids","lt15k",0,0,0,0,0,0,0,0,0,0,0,0,0,0,0,0,0,0,0,0,0,0,0,0,0,0,"rent",0,0,0,0,0,0
678,"high_need",4083,"Salt Lake County, UT",23,NA,NA,NA,NA,NA,NA,NA,NA,NA,NA,NA,0,"no_spouse_no_kids","lt15k",0,0,0,0,0,0,0,0,0,0,0,0,0,0,0,0,0,0,0,0,0,0,0,0,0,0,"rent",0,0,0,0,0,0
679,"high_need",39872,"Salt Lake County, UT",21,NA,NA,NA,NA,NA,NA,NA,NA,NA,NA,NA,0,"no_spouse_no_kids","ge30k",0,0,0,0,0,0,0,0,0,0,0,0,0,0,0,0,0,0,0,0,0,0,0,0,0,0,"rent",0,0,0,0,0,0
680,"high_need",603,"Salt Lake County, UT",24,NA,NA,NA,NA,NA,NA,NA,NA,NA,NA,NA,0,"no_spouse_no_kids","lt15k",0,0,0,0,0,0,0,0,0,0,0,0,0,0,0,0,0,0,0,0,0,0,0,0,0,0,"rent",0,0,0,0,0,0
681,"high_need",5678,"Salt Lake County, UT",20,NA,NA,NA,NA,NA,NA,NA,NA,NA,NA,NA,0,"no_spouse_no_kids","lt15k",0,0,0,0,0,0,0,0,0,0,0,0,0,0,0,0,0,0,0,0,0,0,0,0,0,0,"rent",0,0,0,0,0,0
682,"high_need",18274,"Salt Lake County, UT",19,20,0,NA,NA,NA,NA,NA,NA,NA,NA,NA,1,"spouse_with_kids","15to30k",0,0,0,0,0,0,0,0,0,0,0,0,0,0,0,0,0,0,0,0,0,0,0,0,0,0,"rent",0,0,0,0,0,0
683,"high_need",7444,"Salt Lake County, UT",18,NA,NA,NA,NA,NA,NA,NA,NA,NA,NA,NA,0,"no_spouse_no_kids","lt15k",0,0,0,0,0,0,0,0,0,0,0,0,0,0,0,0,0,0,0,0,0,0,0,0,0,0,"rent",0,0,0,0,0,0
684,"high_need",18552,"Salt Lake County, UT",20,NA,NA,NA,NA,NA,NA,NA,NA,NA,NA,NA,0,"no_spouse_no_kids","15to30k",0,0,0,0,0,0,0,0,0,0,0,0,0,0,0,0,0,0,0,0,0,0,0,0,0,0,"rent",0,0,0,0,0,0
685,"high_need",48768,"Salt Lake County, UT",20,NA,NA,NA,NA,NA,NA,NA,NA,NA,NA,NA,0,"no_spouse_no_kids","ge30k",0,0,0,0,0,0,0,0,0,0,0,0,0,0,0,0,0,0,0,0,0,0,0,0,0,0,"rent",0,0,0,0,0,0
686,"high_need",3216,"Salt Lake County, UT",23,NA,NA,NA,NA,NA,NA,NA,NA,NA,NA,NA,0,"no_spouse_no_kids","lt15k",0,0,0,0,0,0,0,0,0,0,0,0,0,0,0,0,0,0,0,0,0,0,0,0,0,0,"rent",0,0,0,0,0,0
687,"high_need",1513,"Salt Lake County, UT",21,NA,NA,NA,NA,NA,NA,NA,NA,NA,NA,NA,0,"no_spouse_no_kids","lt15k",0,0,0,0,0,0,0,0,0,0,0,0,0,0,0,0,0,0,0,0,0,0,0,0,0,0,"rent",0,0,0,0,0,0
688,"high_need",17620,"Salt Lake County, UT",21,NA,NA,NA,NA,NA,NA,NA,NA,NA,NA,NA,0,"no_spouse_no_kids","15to30k",0,0,0,0,0,0,0,0,0,0,0,0,0,0,0,0,0,0,0,0,0,0,0,0,0,0,"rent",0,0,0,0,0,0
689,"high_need",96180,"Salt Lake County, UT",24,NA,NA,NA,NA,NA,NA,NA,NA,NA,NA,NA,0,"no_spouse_no_kids","ge30k",0,0,0,0,0,0,0,0,0,0,0,0,0,0,0,0,0,0,0,0,0,0,0,0,0,0,"rent",0,0,0,0,0,0
690,"high_need",3694,"Salt Lake County, UT",23,22,3,NA,NA,NA,NA,NA,NA,NA,NA,NA,1,"spouse_with_kids","lt15k",0,0,0,0,0,0,0,0,0,0,0,0,0,0,0,0,0,0,0,0,0,0,0,0,0,0,"rent",0,0,0,0,0,0
691,"high_need",53050,"Salt Lake County, UT",22,NA,NA,NA,NA,NA,NA,NA,NA,NA,NA,NA,0,"no_spouse_no_kids","ge30k",0,0,0,0,0,0,0,0,0,0,0,0,0,0,0,0,0,0,0,0,0,0,0,0,0,0,"rent",0,0,0,0,0,0
692,"high_need",15215,"Salt Lake County, UT",18,NA,NA,NA,NA,NA,NA,NA,NA,NA,NA,NA,0,"no_spouse_no_kids","15to30k",0,0,0,0,0,0,0,0,0,0,0,0,0,0,0,0,0,0,0,0,0,0,0,0,0,0,"rent",0,0,0,0,0,0
693,"high_need",848,"Salt Lake County, UT",21,NA,NA,NA,NA,NA,NA,NA,NA,NA,NA,NA,0,"no_spouse_no_kids","lt15k",0,0,0,0,0,0,0,0,0,0,0,0,0,0,0,0,0,0,0,0,0,0,0,0,0,0,"rent",0,0,0,0,0,0
694,"high_need",34983,"Salt Lake County, UT",23,NA,NA,NA,NA,NA,NA,NA,NA,NA,NA,NA,0,"no_spouse_no_kids","ge30k",0,0,0,0,0,0,0,0,0,0,0,0,0,0,0,0,0,0,0,0,0,0,0,0,0,0,"rent",0,0,0,0,0,0
695,"high_need",18735,"Salt Lake County, UT",22,NA,NA,NA,NA,NA,NA,NA,NA,NA,NA,NA,0,"no_spouse_no_kids","15to30k",0,0,0,0,0,0,0,0,0,0,0,0,0,0,0,0,0,0,0,0,0,0,0,0,0,0,"rent",0,0,0,0,0,0
696,"high_need",7609,"Salt Lake County, UT",19,NA,NA,NA,NA,NA,NA,NA,NA,NA,NA,NA,0,"no_spouse_no_kids","lt15k",0,0,0,0,0,0,0,0,0,0,0,0,0,0,0,0,0,0,0,0,0,0,0,0,0,0,"rent",0,0,0,0,0,0
697,"high_need",19662,"Salt Lake County, UT",22,NA,NA,NA,NA,NA,NA,NA,NA,NA,NA,NA,0,"no_spouse_no_kids","15to30k",0,0,0,0,0,0,0,0,0,0,0,0,0,0,0,0,0,0,0,0,0,0,0,0,0,0,"rent",0,0,0,0,0,0
698,"high_need",44995,"Salt Lake County, UT",23,NA,NA,NA,NA,NA,NA,NA,NA,NA,NA,NA,0,"no_spouse_no_kids","ge30k",0,0,0,0,0,0,0,0,0,0,0,0,0,0,0,0,0,0,0,0,0,0,0,0,0,0,"rent",0,0,0,0,0,0
699,"high_need",52559,"Salt Lake County, UT",24,NA,NA,NA,NA,NA,NA,NA,NA,NA,NA,NA,0,"no_spouse_no_kids","ge30k",0,0,0,0,0,0,0,0,0,0,0,0,0,0,0,0,0,0,0,0,0,0,0,0,0,0,"rent",0,0,0,0,0,0
700,"high_need",39407,"Salt Lake County, UT",22,NA,NA,NA,NA,NA,NA,NA,NA,NA,NA,NA,0,"no_spouse_no_kids","ge30k",0,0,0,0,0,0,0,0,0,0,0,0,0,0,0,0,0,0,0,0,0,0,0,0,0,0,"rent",0,0,0,0,0,0
701,"high_need",17389,"Salt Lake County, UT",20,NA,NA,NA,NA,NA,NA,NA,NA,NA,NA,NA,0,"no_spouse_no_kids","15to30k",0,0,0,0,0,0,0,0,0,0,0,0,0,0,0,0,0,0,0,0,0,0,0,0,0,0,"rent",0,0,0,0,0,0
702,"high_need",7224,"Salt Lake County, UT",22,NA,NA,NA,NA,NA,NA,NA,NA,NA,NA,NA,0,"no_spouse_no_kids","lt15k",0,0,0,0,0,0,0,0,0,0,0,0,0,0,0,0,0,0,0,0,0,0,0,0,0,0,"rent",0,0,0,0,0,0
703,"high_need",43989,"Salt Lake County, UT",21,2,NA,NA,NA,NA,NA,NA,NA,NA,NA,NA,0,"no_spouse_with_kids","ge30k",0,0,0,0,0,0,0,0,0,0,0,0,0,0,0,0,0,0,0,0,0,0,0,0,0,0,"rent",0,0,0,0,0,0
704,"high_need",33236,"Salt Lake County, UT",19,NA,NA,NA,NA,NA,NA,NA,NA,NA,NA,NA,0,"no_spouse_no_kids","ge30k",0,0,0,0,0,0,0,0,0,0,0,0,0,0,0,0,0,0,0,0,0,0,0,0,0,0,"rent",0,0,0,0,0,0
705,"high_need",17293,"Salt Lake County, UT",21,NA,NA,NA,NA,NA,NA,NA,NA,NA,NA,NA,0,"no_spouse_no_kids","15to30k",0,0,0,0,0,0,0,0,0,0,0,0,0,0,0,0,0,0,0,0,0,0,0,0,0,0,"rent",0,0,0,0,0,0
706,"high_need",57588,"Salt Lake County, UT",19,18,NA,NA,NA,NA,NA,NA,NA,NA,NA,NA,1,"spouse_no_kids","ge30k",0,0,0,0,0,0,0,0,0,0,0,0,0,0,0,0,0,0,0,0,0,0,0,0,0,0,"rent",0,0,0,0,0,0
707,"high_need",714,"Salt Lake County, UT",22,NA,NA,NA,NA,NA,NA,NA,NA,NA,NA,NA,0,"no_spouse_no_kids","lt15k",0,0,0,0,0,0,0,0,0,0,0,0,0,0,0,0,0,0,0,0,0,0,0,0,0,0,"rent",0,0,0,0,0,0
708,"high_need",3628,"Salt Lake County, UT",23,24,2,NA,NA,NA,NA,NA,NA,NA,NA,NA,1,"spouse_with_kids","lt15k",0,0,0,0,0,0,0,0,0,0,0,0,0,0,0,0,0,0,0,0,0,0,0,0,0,0,"rent",0,0,0,0,0,0
709,"high_need",16836,"Salt Lake County, UT",23,NA,NA,NA,NA,NA,NA,NA,NA,NA,NA,NA,0,"no_spouse_no_kids","15to30k",0,0,0,0,0,0,0,0,0,0,0,0,0,0,0,0,0,0,0,0,0,0,0,0,0,0,"rent",0,0,0,0,0,0
710,"high_need",8642,"Salt Lake County, UT",23,NA,NA,NA,NA,NA,NA,NA,NA,NA,NA,NA,0,"no_spouse_no_kids","lt15k",0,0,0,0,0,0,0,0,0,0,0,0,0,0,0,0,0,0,0,0,0,0,0,0,0,0,"rent",0,0,0,0,0,0
711,"high_need",59030,"Salt Lake County, UT",20,NA,NA,NA,NA,NA,NA,NA,NA,NA,NA,NA,0,"no_spouse_no_kids","ge30k",0,0,0,0,0,0,0,0,0,0,0,0,0,0,0,0,0,0,0,0,0,0,0,0,0,0,"rent",0,0,0,0,0,0
712,"high_need",4996,"Salt Lake County, UT",24,24,NA,NA,NA,NA,NA,NA,NA,NA,NA,NA,1,"spouse_no_kids","lt15k",0,0,0,0,0,0,0,0,0,0,0,0,0,0,0,0,0,0,0,0,0,0,0,0,0,0,"rent",0,0,0,0,0,0
713,"high_need",5529,"Salt Lake County, UT",20,21,1,NA,NA,NA,NA,NA,NA,NA,NA,NA,1,"spouse_with_kids","lt15k",0,0,0,0,0,0,0,0,0,0,0,0,0,0,0,0,0,0,0,0,0,0,0,0,0,0,"rent",0,0,0,0,0,0
714,"high_need",6752,"Salt Lake County, UT",18,NA,NA,NA,NA,NA,NA,NA,NA,NA,NA,NA,0,"no_spouse_no_kids","lt15k",0,0,0,0,0,0,0,0,0,0,0,0,0,0,0,0,0,0,0,0,0,0,0,0,0,0,"rent",0,0,0,0,0,0
715,"high_need",7381,"Salt Lake County, UT",21,NA,NA,NA,NA,NA,NA,NA,NA,NA,NA,NA,0,"no_spouse_no_kids","lt15k",0,0,0,0,0,0,0,0,0,0,0,0,0,0,0,0,0,0,0,0,0,0,0,0,0,0,"rent",0,0,0,0,0,0
716,"high_need",9119,"Salt Lake County, UT",24,NA,NA,NA,NA,NA,NA,NA,NA,NA,NA,NA,0,"no_spouse_no_kids","lt15k",0,0,0,0,0,0,0,0,0,0,0,0,0,0,0,0,0,0,0,0,0,0,0,0,0,0,"rent",0,0,0,0,0,0
717,"high_need",16589,"Salt Lake County, UT",22,NA,NA,NA,NA,NA,NA,NA,NA,NA,NA,NA,0,"no_spouse_no_kids","15to30k",0,0,0,0,0,0,0,0,0,0,0,0,0,0,0,0,0,0,0,0,0,0,0,0,0,0,"rent",0,0,0,0,0,0
718,"high_need",41212,"Salt Lake County, UT",23,NA,NA,NA,NA,NA,NA,NA,NA,NA,NA,NA,0,"no_spouse_no_kids","ge30k",0,0,0,0,0,0,0,0,0,0,0,0,0,0,0,0,0,0,0,0,0,0,0,0,0,0,"rent",0,0,0,0,0,0
719,"high_need",7818,"Salt Lake County, UT",19,NA,NA,NA,NA,NA,NA,NA,NA,NA,NA,NA,0,"no_spouse_no_kids","lt15k",0,0,0,0,0,0,0,0,0,0,0,0,0,0,0,0,0,0,0,0,0,0,0,0,0,0,"rent",0,0,0,0,0,0
720,"high_need",16037,"Salt Lake County, UT",22,NA,NA,NA,NA,NA,NA,NA,NA,NA,NA,NA,0,"no_spouse_no_kids","15to30k",0,0,0,0,0,0,0,0,0,0,0,0,0,0,0,0,0,0,0,0,0,0,0,0,0,0,"rent",0,0,0,0,0,0
721,"high_need",17067,"Salt Lake County, UT",23,NA,NA,NA,NA,NA,NA,NA,NA,NA,NA,NA,0,"no_spouse_no_kids","15to30k",0,0,0,0,0,0,0,0,0,0,0,0,0,0,0,0,0,0,0,0,0,0,0,0,0,0,"rent",0,0,0,0,0,0
722,"high_need",1367,"Salt Lake County, UT",20,NA,NA,NA,NA,NA,NA,NA,NA,NA,NA,NA,0,"no_spouse_no_kids","lt15k",0,0,0,0,0,0,0,0,0,0,0,0,0,0,0,0,0,0,0,0,0,0,0,0,0,0,"rent",0,0,0,0,0,0
723,"high_need",49226,"Salt Lake County, UT",18,NA,NA,NA,NA,NA,NA,NA,NA,NA,NA,NA,0,"no_spouse_no_kids","ge30k",0,0,0,0,0,0,0,0,0,0,0,0,0,0,0,0,0,0,0,0,0,0,0,0,0,0,"rent",0,0,0,0,0,0
724,"high_need",4413,"Salt Lake County, UT",19,NA,NA,NA,NA,NA,NA,NA,NA,NA,NA,NA,0,"no_spouse_no_kids","lt15k",0,0,0,0,0,0,0,0,0,0,0,0,0,0,0,0,0,0,0,0,0,0,0,0,0,0,"rent",0,0,0,0,0,0
725,"high_need",41260,"Salt Lake County, UT",19,NA,NA,NA,NA,NA,NA,NA,NA,NA,NA,NA,0,"no_spouse_no_kids","ge30k",0,0,0,0,0,0,0,0,0,0,0,0,0,0,0,0,0,0,0,0,0,0,0,0,0,0,"rent",0,0,0,0,0,0
726,"high_need",31682,"Salt Lake County, UT",19,NA,NA,NA,NA,NA,NA,NA,NA,NA,NA,NA,0,"no_spouse_no_kids","ge30k",0,0,0,0,0,0,0,0,0,0,0,0,0,0,0,0,0,0,0,0,0,0,0,0,0,0,"rent",0,0,0,0,0,0
727,"high_need",6407,"Salt Lake County, UT",19,2,NA,NA,NA,NA,NA,NA,NA,NA,NA,NA,0,"no_spouse_with_kids","lt15k",0,0,0,0,0,0,0,0,0,0,0,0,0,0,0,0,0,0,0,0,0,0,0,0,0,0,"rent",0,0,0,0,0,0
728,"high_need",106419,"Salt Lake County, UT",18,NA,NA,NA,NA,NA,NA,NA,NA,NA,NA,NA,0,"no_spouse_no_kids","ge30k",0,0,0,0,0,0,0,0,0,0,0,0,0,0,0,0,0,0,0,0,0,0,0,0,0,0,"rent",0,0,0,0,0,0
729,"high_need",37101,"Salt Lake County, UT",19,NA,NA,NA,NA,NA,NA,NA,NA,NA,NA,NA,0,"no_spouse_no_kids","ge30k",0,0,0,0,0,0,0,0,0,0,0,0,0,0,0,0,0,0,0,0,0,0,0,0,0,0,"rent",0,0,0,0,0,0
730,"high_need",56059,"Salt Lake County, UT",24,NA,NA,NA,NA,NA,NA,NA,NA,NA,NA,NA,0,"no_spouse_no_kids","ge30k",0,0,0,0,0,0,0,0,0,0,0,0,0,0,0,0,0,0,0,0,0,0,0,0,0,0,"rent",0,0,0,0,0,0
731,"high_need",45055,"Salt Lake County, UT",23,NA,NA,NA,NA,NA,NA,NA,NA,NA,NA,NA,0,"no_spouse_no_kids","ge30k",0,0,0,0,0,0,0,0,0,0,0,0,0,0,0,0,0,0,0,0,0,0,0,0,0,0,"rent",0,0,0,0,0,0
732,"high_need",32899,"Salt Lake County, UT",20,0,NA,NA,NA,NA,NA,NA,NA,NA,NA,NA,0,"no_spouse_with_kids","ge30k",0,0,0,0,0,0,0,0,0,0,0,0,0,0,0,0,0,0,0,0,0,0,0,0,0,0,"rent",0,0,0,0,0,0
733,"high_need",18256,"Salt Lake County, UT",19,NA,NA,NA,NA,NA,NA,NA,NA,NA,NA,NA,0,"no_spouse_no_kids","15to30k",0,0,0,0,0,0,0,0,0,0,0,0,0,0,0,0,0,0,0,0,0,0,0,0,0,0,"rent",0,0,0,0,0,0
734,"high_need",30339,"Salt Lake County, UT",20,NA,NA,NA,NA,NA,NA,NA,NA,NA,NA,NA,0,"no_spouse_no_kids","ge30k",0,0,0,0,0,0,0,0,0,0,0,0,0,0,0,0,0,0,0,0,0,0,0,0,0,0,"rent",0,0,0,0,0,0
735,"high_need",20933,"Salt Lake County, UT",24,NA,NA,NA,NA,NA,NA,NA,NA,NA,NA,NA,0,"no_spouse_no_kids","15to30k",0,0,0,0,0,0,0,0,0,0,0,0,0,0,0,0,0,0,0,0,0,0,0,0,0,0,"rent",0,0,0,0,0,0
736,"high_need",5173,"Salt Lake County, UT",24,NA,NA,NA,NA,NA,NA,NA,NA,NA,NA,NA,0,"no_spouse_no_kids","lt15k",0,0,0,0,0,0,0,0,0,0,0,0,0,0,0,0,0,0,0,0,0,0,0,0,0,0,"rent",0,0,0,0,0,0
737,"high_need",19455,"Salt Lake County, UT",18,NA,NA,NA,NA,NA,NA,NA,NA,NA,NA,NA,0,"no_spouse_no_kids","15to30k",0,0,0,0,0,0,0,0,0,0,0,0,0,0,0,0,0,0,0,0,0,0,0,0,0,0,"rent",0,0,0,0,0,0
738,"high_need",31741,"Salt Lake County, UT",18,NA,NA,NA,NA,NA,NA,NA,NA,NA,NA,NA,0,"no_spouse_no_kids","ge30k",0,0,0,0,0,0,0,0,0,0,0,0,0,0,0,0,0,0,0,0,0,0,0,0,0,0,"rent",0,0,0,0,0,0
739,"high_need",33061,"Salt Lake County, UT",21,1,NA,NA,NA,NA,NA,NA,NA,NA,NA,NA,0,"no_spouse_with_kids","ge30k",0,0,0,0,0,0,0,0,0,0,0,0,0,0,0,0,0,0,0,0,0,0,0,0,0,0,"rent",0,0,0,0,0,0
740,"high_need",48345,"Salt Lake County, UT",24,NA,NA,NA,NA,NA,NA,NA,NA,NA,NA,NA,0,"no_spouse_no_kids","ge30k",0,0,0,0,0,0,0,0,0,0,0,0,0,0,0,0,0,0,0,0,0,0,0,0,0,0,"rent",0,0,0,0,0,0
741,"high_need",3226,"Salt Lake County, UT",19,18,2,NA,NA,NA,NA,NA,NA,NA,NA,NA,1,"spouse_with_kids","lt15k",0,0,0,0,0,0,0,0,0,0,0,0,0,0,0,0,0,0,0,0,0,0,0,0,0,0,"rent",0,0,0,0,0,0
742,"high_need",36886,"Salt Lake County, UT",23,NA,NA,NA,NA,NA,NA,NA,NA,NA,NA,NA,0,"no_spouse_no_kids","ge30k",0,0,0,0,0,0,0,0,0,0,0,0,0,0,0,0,0,0,0,0,0,0,0,0,0,0,"rent",0,0,0,0,0,0
743,"high_need",8544,"Salt Lake County, UT",24,NA,NA,NA,NA,NA,NA,NA,NA,NA,NA,NA,0,"no_spouse_no_kids","lt15k",0,0,0,0,0,0,0,0,0,0,0,0,0,0,0,0,0,0,0,0,0,0,0,0,0,0,"rent",0,0,0,0,0,0
744,"high_need",54409,"Salt Lake County, UT",20,NA,NA,NA,NA,NA,NA,NA,NA,NA,NA,NA,0,"no_spouse_no_kids","ge30k",0,0,0,0,0,0,0,0,0,0,0,0,0,0,0,0,0,0,0,0,0,0,0,0,0,0,"rent",0,0,0,0,0,0
745,"high_need",70648,"Salt Lake County, UT",23,NA,NA,NA,NA,NA,NA,NA,NA,NA,NA,NA,0,"no_spouse_no_kids","ge30k",0,0,0,0,0,0,0,0,0,0,0,0,0,0,0,0,0,0,0,0,0,0,0,0,0,0,"rent",0,0,0,0,0,0
746,"high_need",51885,"Salt Lake County, UT",24,NA,NA,NA,NA,NA,NA,NA,NA,NA,NA,NA,0,"no_spouse_no_kids","ge30k",0,0,0,0,0,0,0,0,0,0,0,0,0,0,0,0,0,0,0,0,0,0,0,0,0,0,"rent",0,0,0,0,0,0
747,"high_need",5974,"Salt Lake County, UT",20,NA,NA,NA,NA,NA,NA,NA,NA,NA,NA,NA,0,"no_spouse_no_kids","lt15k",0,0,0,0,0,0,0,0,0,0,0,0,0,0,0,0,0,0,0,0,0,0,0,0,0,0,"rent",0,0,0,0,0,0
748,"high_need",1082,"Salt Lake County, UT",22,NA,NA,NA,NA,NA,NA,NA,NA,NA,NA,NA,0,"no_spouse_no_kids","lt15k",0,0,0,0,0,0,0,0,0,0,0,0,0,0,0,0,0,0,0,0,0,0,0,0,0,0,"rent",0,0,0,0,0,0
749,"high_need",68677,"Salt Lake County, UT",18,NA,NA,NA,NA,NA,NA,NA,NA,NA,NA,NA,0,"no_spouse_no_kids","ge30k",0,0,0,0,0,0,0,0,0,0,0,0,0,0,0,0,0,0,0,0,0,0,0,0,0,0,"rent",0,0,0,0,0,0
750,"high_need",6148,"Salt Lake County, UT",19,NA,NA,NA,NA,NA,NA,NA,NA,NA,NA,NA,0,"no_spouse_no_kids","lt15k",0,0,0,0,0,0,0,0,0,0,0,0,0,0,0,0,0,0,0,0,0,0,0,0,0,0,"rent",0,0,0,0,0,0
751,"high_need",67345,"Salt Lake County, UT",21,NA,NA,NA,NA,NA,NA,NA,NA,NA,NA,NA,0,"no_spouse_no_kids","ge30k",0,0,0,0,0,0,0,0,0,0,0,0,0,0,0,0,0,0,0,0,0,0,0,0,0,0,"rent",0,0,0,0,0,0
752,"high_need",32328,"Salt Lake County, UT",21,NA,NA,NA,NA,NA,NA,NA,NA,NA,NA,NA,0,"no_spouse_no_kids","ge30k",0,0,0,0,0,0,0,0,0,0,0,0,0,0,0,0,0,0,0,0,0,0,0,0,0,0,"rent",0,0,0,0,0,0
753,"high_need",15504,"Salt Lake County, UT",24,28,2,NA,NA,NA,NA,NA,NA,NA,NA,NA,1,"spouse_with_kids","15to30k",0,0,0,0,0,0,0,0,0,0,0,0,0,0,0,0,0,0,0,0,0,0,0,0,0,0,"rent",0,0,0,0,0,0
754,"high_need",5024,"Salt Lake County, UT",22,NA,NA,NA,NA,NA,NA,NA,NA,NA,NA,NA,0,"no_spouse_no_kids","lt15k",0,0,0,0,0,0,0,0,0,0,0,0,0,0,0,0,0,0,0,0,0,0,0,0,0,0,"rent",0,0,0,0,0,0
755,"high_need",50317,"Salt Lake County, UT",21,NA,NA,NA,NA,NA,NA,NA,NA,NA,NA,NA,0,"no_spouse_no_kids","ge30k",0,0,0,0,0,0,0,0,0,0,0,0,0,0,0,0,0,0,0,0,0,0,0,0,0,0,"rent",0,0,0,0,0,0
756,"high_need",15858,"Salt Lake County, UT",23,NA,NA,NA,NA,NA,NA,NA,NA,NA,NA,NA,0,"no_spouse_no_kids","15to30k",0,0,0,0,0,0,0,0,0,0,0,0,0,0,0,0,0,0,0,0,0,0,0,0,0,0,"rent",0,0,0,0,0,0
757,"high_need",7516,"Salt Lake County, UT",22,NA,NA,NA,NA,NA,NA,NA,NA,NA,NA,NA,0,"no_spouse_no_kids","lt15k",0,0,0,0,0,0,0,0,0,0,0,0,0,0,0,0,0,0,0,0,0,0,0,0,0,0,"rent",0,0,0,0,0,0
758,"high_need",43902,"Salt Lake County, UT",18,NA,NA,NA,NA,NA,NA,NA,NA,NA,NA,NA,0,"no_spouse_no_kids","ge30k",0,0,0,0,0,0,0,0,0,0,0,0,0,0,0,0,0,0,0,0,0,0,0,0,0,0,"rent",0,0,0,0,0,0
759,"high_need",32379,"Salt Lake County, UT",23,NA,NA,NA,NA,NA,NA,NA,NA,NA,NA,NA,0,"no_spouse_no_kids","ge30k",0,0,0,0,0,0,0,0,0,0,0,0,0,0,0,0,0,0,0,0,0,0,0,0,0,0,"rent",0,0,0,0,0,0
760,"high_need",16336,"Salt Lake County, UT",21,NA,NA,NA,NA,NA,NA,NA,NA,NA,NA,NA,0,"no_spouse_no_kids","15to30k",0,0,0,0,0,0,0,0,0,0,0,0,0,0,0,0,0,0,0,0,0,0,0,0,0,0,"rent",0,0,0,0,0,0
761,"high_need",11820,"Salt Lake County, UT",21,NA,NA,NA,NA,NA,NA,NA,NA,NA,NA,NA,0,"no_spouse_no_kids","lt15k",0,0,0,0,0,0,0,0,0,0,0,0,0,0,0,0,0,0,0,0,0,0,0,0,0,0,"rent",0,0,0,0,0,0
762,"high_need",952,"Salt Lake County, UT",23,NA,NA,NA,NA,NA,NA,NA,NA,NA,NA,NA,0,"no_spouse_no_kids","lt15k",0,0,0,0,0,0,0,0,0,0,0,0,0,0,0,0,0,0,0,0,0,0,0,0,0,0,"rent",0,0,0,0,0,0
763,"high_need",3985,"Salt Lake County, UT",19,NA,NA,NA,NA,NA,NA,NA,NA,NA,NA,NA,0,"no_spouse_no_kids","lt15k",0,0,0,0,0,0,0,0,0,0,0,0,0,0,0,0,0,0,0,0,0,0,0,0,0,0,"rent",0,0,0,0,0,0
764,"high_need",19015,"Salt Lake County, UT",24,NA,NA,NA,NA,NA,NA,NA,NA,NA,NA,NA,0,"no_spouse_no_kids","15to30k",0,0,0,0,0,0,0,0,0,0,0,0,0,0,0,0,0,0,0,0,0,0,0,0,0,0,"rent",0,0,0,0,0,0
765,"high_need",5084,"Salt Lake County, UT",23,NA,NA,NA,NA,NA,NA,NA,NA,NA,NA,NA,0,"no_spouse_no_kids","lt15k",0,0,0,0,0,0,0,0,0,0,0,0,0,0,0,0,0,0,0,0,0,0,0,0,0,0,"rent",0,0,0,0,0,0
766,"high_need",17401,"Salt Lake County, UT",22,NA,NA,NA,NA,NA,NA,NA,NA,NA,NA,NA,0,"no_spouse_no_kids","15to30k",0,0,0,0,0,0,0,0,0,0,0,0,0,0,0,0,0,0,0,0,0,0,0,0,0,0,"rent",0,0,0,0,0,0
767,"high_need",47824,"Salt Lake County, UT",24,NA,NA,NA,NA,NA,NA,NA,NA,NA,NA,NA,0,"no_spouse_no_kids","ge30k",0,0,0,0,0,0,0,0,0,0,0,0,0,0,0,0,0,0,0,0,0,0,0,0,0,0,"rent",0,0,0,0,0,0
768,"high_need",36505,"Salt Lake County, UT",21,NA,NA,NA,NA,NA,NA,NA,NA,NA,NA,NA,0,"no_spouse_no_kids","ge30k",0,0,0,0,0,0,0,0,0,0,0,0,0,0,0,0,0,0,0,0,0,0,0,0,0,0,"rent",0,0,0,0,0,0
769,"high_need",15137,"Salt Lake County, UT",19,NA,NA,NA,NA,NA,NA,NA,NA,NA,NA,NA,0,"no_spouse_no_kids","15to30k",0,0,0,0,0,0,0,0,0,0,0,0,0,0,0,0,0,0,0,0,0,0,0,0,0,0,"rent",0,0,0,0,0,0
770,"high_need",70089,"Salt Lake County, UT",19,NA,NA,NA,NA,NA,NA,NA,NA,NA,NA,NA,0,"no_spouse_no_kids","ge30k",0,0,0,0,0,0,0,0,0,0,0,0,0,0,0,0,0,0,0,0,0,0,0,0,0,0,"rent",0,0,0,0,0,0
771,"high_need",18898,"Salt Lake County, UT",18,0,NA,NA,NA,NA,NA,NA,NA,NA,NA,NA,0,"no_spouse_with_kids","15to30k",0,0,0,0,0,0,0,0,0,0,0,0,0,0,0,0,0,0,0,0,0,0,0,0,0,0,"rent",0,0,0,0,0,0
772,"high_need",31305,"Salt Lake County, UT",20,21,2,NA,NA,NA,NA,NA,NA,NA,NA,NA,1,"spouse_with_kids","ge30k",0,0,0,0,0,0,0,0,0,0,0,0,0,0,0,0,0,0,0,0,0,0,0,0,0,0,"rent",0,0,0,0,0,0
773,"high_need",5406,"Salt Lake County, UT",18,NA,NA,NA,NA,NA,NA,NA,NA,NA,NA,NA,0,"no_spouse_no_kids","lt15k",0,0,0,0,0,0,0,0,0,0,0,0,0,0,0,0,0,0,0,0,0,0,0,0,0,0,"rent",0,0,0,0,0,0
774,"high_need",3720,"Salt Lake County, UT",19,NA,NA,NA,NA,NA,NA,NA,NA,NA,NA,NA,0,"no_spouse_no_kids","lt15k",0,0,0,0,0,0,0,0,0,0,0,0,0,0,0,0,0,0,0,0,0,0,0,0,0,0,"rent",0,0,0,0,0,0
775,"high_need",12207,"Salt Lake County, UT",24,NA,NA,NA,NA,NA,NA,NA,NA,NA,NA,NA,0,"no_spouse_no_kids","lt15k",0,0,0,0,0,0,0,0,0,0,0,0,0,0,0,0,0,0,0,0,0,0,0,0,0,0,"rent",0,0,0,0,0,0
776,"high_need",9965,"Salt Lake County, UT",24,NA,NA,NA,NA,NA,NA,NA,NA,NA,NA,NA,0,"no_spouse_no_kids","lt15k",0,0,0,0,0,0,0,0,0,0,0,0,0,0,0,0,0,0,0,0,0,0,0,0,0,0,"rent",0,0,0,0,0,0
777,"high_need",8524,"Salt Lake County, UT",23,NA,NA,NA,NA,NA,NA,NA,NA,NA,NA,NA,0,"no_spouse_no_kids","lt15k",0,0,0,0,0,0,0,0,0,0,0,0,0,0,0,0,0,0,0,0,0,0,0,0,0,0,"rent",0,0,0,0,0,0
778,"high_need",7705,"Salt Lake County, UT",23,NA,NA,NA,NA,NA,NA,NA,NA,NA,NA,NA,0,"no_spouse_no_kids","lt15k",0,0,0,0,0,0,0,0,0,0,0,0,0,0,0,0,0,0,0,0,0,0,0,0,0,0,"rent",0,0,0,0,0,0
779,"high_need",5940,"Salt Lake County, UT",19,NA,NA,NA,NA,NA,NA,NA,NA,NA,NA,NA,0,"no_spouse_no_kids","lt15k",0,0,0,0,0,0,0,0,0,0,0,0,0,0,0,0,0,0,0,0,0,0,0,0,0,0,"rent",0,0,0,0,0,0
780,"high_need",51480,"Salt Lake County, UT",20,NA,NA,NA,NA,NA,NA,NA,NA,NA,NA,NA,0,"no_spouse_no_kids","ge30k",0,0,0,0,0,0,0,0,0,0,0,0,0,0,0,0,0,0,0,0,0,0,0,0,0,0,"rent",0,0,0,0,0,0
781,"high_need",3368,"Salt Lake County, UT",23,NA,NA,NA,NA,NA,NA,NA,NA,NA,NA,NA,0,"no_spouse_no_kids","lt15k",0,0,0,0,0,0,0,0,0,0,0,0,0,0,0,0,0,0,0,0,0,0,0,0,0,0,"rent",0,0,0,0,0,0
782,"high_need",8817,"Salt Lake County, UT",20,1,NA,NA,NA,NA,NA,NA,NA,NA,NA,NA,0,"no_spouse_with_kids","lt15k",0,0,0,0,0,0,0,0,0,0,0,0,0,0,0,0,0,0,0,0,0,0,0,0,0,0,"rent",0,0,0,0,0,0
783,"high_need",2843,"Salt Lake County, UT",23,NA,NA,NA,NA,NA,NA,NA,NA,NA,NA,NA,0,"no_spouse_no_kids","lt15k",0,0,0,0,0,0,0,0,0,0,0,0,0,0,0,0,0,0,0,0,0,0,0,0,0,0,"rent",0,0,0,0,0,0
784,"high_need",32439,"Salt Lake County, UT",18,NA,NA,NA,NA,NA,NA,NA,NA,NA,NA,NA,0,"no_spouse_no_kids","ge30k",0,0,0,0,0,0,0,0,0,0,0,0,0,0,0,0,0,0,0,0,0,0,0,0,0,0,"rent",0,0,0,0,0,0
785,"high_need",18743,"Salt Lake County, UT",18,NA,NA,NA,NA,NA,NA,NA,NA,NA,NA,NA,0,"no_spouse_no_kids","15to30k",0,0,0,0,0,0,0,0,0,0,0,0,0,0,0,0,0,0,0,0,0,0,0,0,0,0,"rent",0,0,0,0,0,0
786,"high_need",17683,"Salt Lake County, UT",21,NA,NA,NA,NA,NA,NA,NA,NA,NA,NA,NA,0,"no_spouse_no_kids","15to30k",0,0,0,0,0,0,0,0,0,0,0,0,0,0,0,0,0,0,0,0,0,0,0,0,0,0,"rent",0,0,0,0,0,0
787,"high_need",49318,"Salt Lake County, UT",21,NA,NA,NA,NA,NA,NA,NA,NA,NA,NA,NA,0,"no_spouse_no_kids","ge30k",0,0,0,0,0,0,0,0,0,0,0,0,0,0,0,0,0,0,0,0,0,0,0,0,0,0,"rent",0,0,0,0,0,0
788,"high_need",7584,"Salt Lake County, UT",24,NA,NA,NA,NA,NA,NA,NA,NA,NA,NA,NA,0,"no_spouse_no_kids","lt15k",0,0,0,0,0,0,0,0,0,0,0,0,0,0,0,0,0,0,0,0,0,0,0,0,0,0,"rent",0,0,0,0,0,0
789,"high_need",19304,"Salt Lake County, UT",23,NA,NA,NA,NA,NA,NA,NA,NA,NA,NA,NA,0,"no_spouse_no_kids","15to30k",0,0,0,0,0,0,0,0,0,0,0,0,0,0,0,0,0,0,0,0,0,0,0,0,0,0,"rent",0,0,0,0,0,0
790,"high_need",6708,"Salt Lake County, UT",19,NA,NA,NA,NA,NA,NA,NA,NA,NA,NA,NA,0,"no_spouse_no_kids","lt15k",0,0,0,0,0,0,0,0,0,0,0,0,0,0,0,0,0,0,0,0,0,0,0,0,0,0,"rent",0,0,0,0,0,0
791,"high_need",8729,"Salt Lake County, UT",20,NA,NA,NA,NA,NA,NA,NA,NA,NA,NA,NA,0,"no_spouse_no_kids","lt15k",0,0,0,0,0,0,0,0,0,0,0,0,0,0,0,0,0,0,0,0,0,0,0,0,0,0,"rent",0,0,0,0,0,0
792,"high_need",3710,"Salt Lake County, UT",21,NA,NA,NA,NA,NA,NA,NA,NA,NA,NA,NA,0,"no_spouse_no_kids","lt15k",0,0,0,0,0,0,0,0,0,0,0,0,0,0,0,0,0,0,0,0,0,0,0,0,0,0,"rent",0,0,0,0,0,0
793,"high_need",48002,"Salt Lake County, UT",21,NA,NA,NA,NA,NA,NA,NA,NA,NA,NA,NA,0,"no_spouse_no_kids","ge30k",0,0,0,0,0,0,0,0,0,0,0,0,0,0,0,0,0,0,0,0,0,0,0,0,0,0,"rent",0,0,0,0,0,0
794,"high_need",3757,"Salt Lake County, UT",21,20,NA,NA,NA,NA,NA,NA,NA,NA,NA,NA,1,"spouse_no_kids","lt15k",0,0,0,0,0,0,0,0,0,0,0,0,0,0,0,0,0,0,0,0,0,0,0,0,0,0,"rent",0,0,0,0,0,0
795,"high_need",6406,"Salt Lake County, UT",20,NA,NA,NA,NA,NA,NA,NA,NA,NA,NA,NA,0,"no_spouse_no_kids","lt15k",0,0,0,0,0,0,0,0,0,0,0,0,0,0,0,0,0,0,0,0,0,0,0,0,0,0,"rent",0,0,0,0,0,0
796,"high_need",6417,"Salt Lake County, UT",24,NA,NA,NA,NA,NA,NA,NA,NA,NA,NA,NA,0,"no_spouse_no_kids","lt15k",0,0,0,0,0,0,0,0,0,0,0,0,0,0,0,0,0,0,0,0,0,0,0,0,0,0,"rent",0,0,0,0,0,0
797,"high_need",9622,"Salt Lake County, UT",23,NA,NA,NA,NA,NA,NA,NA,NA,NA,NA,NA,0,"no_spouse_no_kids","lt15k",0,0,0,0,0,0,0,0,0,0,0,0,0,0,0,0,0,0,0,0,0,0,0,0,0,0,"rent",0,0,0,0,0,0
798,"high_need",6956,"Salt Lake County, UT",24,NA,NA,NA,NA,NA,NA,NA,NA,NA,NA,NA,0,"no_spouse_no_kids","lt15k",0,0,0,0,0,0,0,0,0,0,0,0,0,0,0,0,0,0,0,0,0,0,0,0,0,0,"rent",0,0,0,0,0,0
799,"high_need",20235,"Salt Lake County, UT",21,NA,NA,NA,NA,NA,NA,NA,NA,NA,NA,NA,0,"no_spouse_no_kids","15to30k",0,0,0,0,0,0,0,0,0,0,0,0,0,0,0,0,0,0,0,0,0,0,0,0,0,0,"rent",0,0,0,0,0,0
800,"high_need",5935,"Salt Lake County, UT",21,22,3,NA,NA,NA,NA,NA,NA,NA,NA,NA,1,"spouse_with_kids","lt15k",0,0,0,0,0,0,0,0,0,0,0,0,0,0,0,0,0,0,0,0,0,0,0,0,0,0,"rent",0,0,0,0,0,0
801,"high_need",8028,"Salt Lake County, UT",23,NA,NA,NA,NA,NA,NA,NA,NA,NA,NA,NA,0,"no_spouse_no_kids","lt15k",0,0,0,0,0,0,0,0,0,0,0,0,0,0,0,0,0,0,0,0,0,0,0,0,0,0,"rent",0,0,0,0,0,0
802,"high_need",42725,"Salt Lake County, UT",22,NA,NA,NA,NA,NA,NA,NA,NA,NA,NA,NA,0,"no_spouse_no_kids","ge30k",0,0,0,0,0,0,0,0,0,0,0,0,0,0,0,0,0,0,0,0,0,0,0,0,0,0,"rent",0,0,0,0,0,0
803,"high_need",46318,"Salt Lake County, UT",23,21,NA,NA,NA,NA,NA,NA,NA,NA,NA,NA,1,"spouse_no_kids","ge30k",0,0,0,0,0,0,0,0,0,0,0,0,0,0,0,0,0,0,0,0,0,0,0,0,0,0,"rent",0,0,0,0,0,0
804,"high_need",80231,"Salt Lake County, UT",22,NA,NA,NA,NA,NA,NA,NA,NA,NA,NA,NA,0,"no_spouse_no_kids","ge30k",0,0,0,0,0,0,0,0,0,0,0,0,0,0,0,0,0,0,0,0,0,0,0,0,0,0,"rent",0,0,0,0,0,0
805,"high_need",3869,"Salt Lake County, UT",23,NA,NA,NA,NA,NA,NA,NA,NA,NA,NA,NA,0,"no_spouse_no_kids","lt15k",0,0,0,0,0,0,0,0,0,0,0,0,0,0,0,0,0,0,0,0,0,0,0,0,0,0,"rent",0,0,0,0,0,0
806,"high_need",8779,"Salt Lake County, UT",18,NA,NA,NA,NA,NA,NA,NA,NA,NA,NA,NA,0,"no_spouse_no_kids","lt15k",0,0,0,0,0,0,0,0,0,0,0,0,0,0,0,0,0,0,0,0,0,0,0,0,0,0,"rent",0,0,0,0,0,0
807,"high_need",58959,"Salt Lake County, UT",23,NA,NA,NA,NA,NA,NA,NA,NA,NA,NA,NA,0,"no_spouse_no_kids","ge30k",0,0,0,0,0,0,0,0,0,0,0,0,0,0,0,0,0,0,0,0,0,0,0,0,0,0,"rent",0,0,0,0,0,0
808,"high_need",41112,"Salt Lake County, UT",21,NA,NA,NA,NA,NA,NA,NA,NA,NA,NA,NA,0,"no_spouse_no_kids","ge30k",0,0,0,0,0,0,0,0,0,0,0,0,0,0,0,0,0,0,0,0,0,0,0,0,0,0,"rent",0,0,0,0,0,0
809,"high_need",31518,"Salt Lake County, UT",19,NA,NA,NA,NA,NA,NA,NA,NA,NA,NA,NA,0,"no_spouse_no_kids","ge30k",0,0,0,0,0,0,0,0,0,0,0,0,0,0,0,0,0,0,0,0,0,0,0,0,0,0,"rent",0,0,0,0,0,0
810,"high_need",30130,"Salt Lake County, UT",19,NA,NA,NA,NA,NA,NA,NA,NA,NA,NA,NA,0,"no_spouse_no_kids","ge30k",0,0,0,0,0,0,0,0,0,0,0,0,0,0,0,0,0,0,0,0,0,0,0,0,0,0,"rent",0,0,0,0,0,0
811,"high_need",32731,"Salt Lake County, UT",22,NA,NA,NA,NA,NA,NA,NA,NA,NA,NA,NA,0,"no_spouse_no_kids","ge30k",0,0,0,0,0,0,0,0,0,0,0,0,0,0,0,0,0,0,0,0,0,0,0,0,0,0,"rent",0,0,0,0,0,0
812,"high_need",2432,"Salt Lake County, UT",19,NA,NA,NA,NA,NA,NA,NA,NA,NA,NA,NA,0,"no_spouse_no_kids","lt15k",0,0,0,0,0,0,0,0,0,0,0,0,0,0,0,0,0,0,0,0,0,0,0,0,0,0,"rent",0,0,0,0,0,0
813,"high_need",49212,"Salt Lake County, UT",21,NA,NA,NA,NA,NA,NA,NA,NA,NA,NA,NA,0,"no_spouse_no_kids","ge30k",0,0,0,0,0,0,0,0,0,0,0,0,0,0,0,0,0,0,0,0,0,0,0,0,0,0,"rent",0,0,0,0,0,0
814,"high_need",98775,"Salt Lake County, UT",19,NA,NA,NA,NA,NA,NA,NA,NA,NA,NA,NA,0,"no_spouse_no_kids","ge30k",0,0,0,0,0,0,0,0,0,0,0,0,0,0,0,0,0,0,0,0,0,0,0,0,0,0,"rent",0,0,0,0,0,0
815,"high_need",20056,"Salt Lake County, UT",19,NA,NA,NA,NA,NA,NA,NA,NA,NA,NA,NA,0,"no_spouse_no_kids","15to30k",0,0,0,0,0,0,0,0,0,0,0,0,0,0,0,0,0,0,0,0,0,0,0,0,0,0,"rent",0,0,0,0,0,0
816,"high_need",64926,"Salt Lake County, UT",23,1,NA,NA,NA,NA,NA,NA,NA,NA,NA,NA,0,"no_spouse_with_kids","ge30k",0,0,0,0,0,0,0,0,0,0,0,0,0,0,0,0,0,0,0,0,0,0,0,0,0,0,"rent",0,0,0,0,0,0
817,"high_need",49439,"Salt Lake County, UT",21,2,NA,NA,NA,NA,NA,NA,NA,NA,NA,NA,0,"no_spouse_with_kids","ge30k",0,0,0,0,0,0,0,0,0,0,0,0,0,0,0,0,0,0,0,0,0,0,0,0,0,0,"rent",0,0,0,0,0,0
818,"high_need",35443,"Salt Lake County, UT",24,NA,NA,NA,NA,NA,NA,NA,NA,NA,NA,NA,0,"no_spouse_no_kids","ge30k",0,0,0,0,0,0,0,0,0,0,0,0,0,0,0,0,0,0,0,0,0,0,0,0,0,0,"rent",0,0,0,0,0,0
819,"high_need",35848,"Salt Lake County, UT",18,NA,NA,NA,NA,NA,NA,NA,NA,NA,NA,NA,0,"no_spouse_no_kids","ge30k",0,0,0,0,0,0,0,0,0,0,0,0,0,0,0,0,0,0,0,0,0,0,0,0,0,0,"rent",0,0,0,0,0,0
820,"high_need",19220,"Salt Lake County, UT",21,NA,NA,NA,NA,NA,NA,NA,NA,NA,NA,NA,0,"no_spouse_no_kids","15to30k",0,0,0,0,0,0,0,0,0,0,0,0,0,0,0,0,0,0,0,0,0,0,0,0,0,0,"rent",0,0,0,0,0,0
821,"high_need",6514,"Salt Lake County, UT",20,0,NA,NA,NA,NA,NA,NA,NA,NA,NA,NA,0,"no_spouse_with_kids","lt15k",0,0,0,0,0,0,0,0,0,0,0,0,0,0,0,0,0,0,0,0,0,0,0,0,0,0,"rent",0,0,0,0,0,0
822,"high_need",64992,"Salt Lake County, UT",24,1,NA,NA,NA,NA,NA,NA,NA,NA,NA,NA,0,"no_spouse_with_kids","ge30k",0,0,0,0,0,0,0,0,0,0,0,0,0,0,0,0,0,0,0,0,0,0,0,0,0,0,"rent",0,0,0,0,0,0
823,"high_need",16731,"Salt Lake County, UT",18,NA,NA,NA,NA,NA,NA,NA,NA,NA,NA,NA,0,"no_spouse_no_kids","15to30k",0,0,0,0,0,0,0,0,0,0,0,0,0,0,0,0,0,0,0,0,0,0,0,0,0,0,"rent",0,0,0,0,0,0
824,"high_need",17451,"Salt Lake County, UT",18,NA,NA,NA,NA,NA,NA,NA,NA,NA,NA,NA,0,"no_spouse_no_kids","15to30k",0,0,0,0,0,0,0,0,0,0,0,0,0,0,0,0,0,0,0,0,0,0,0,0,0,0,"rent",0,0,0,0,0,0
825,"high_need",69584,"Salt Lake County, UT",20,NA,NA,NA,NA,NA,NA,NA,NA,NA,NA,NA,0,"no_spouse_no_kids","ge30k",0,0,0,0,0,0,0,0,0,0,0,0,0,0,0,0,0,0,0,0,0,0,0,0,0,0,"rent",0,0,0,0,0,0
826,"high_need",18721,"Salt Lake County, UT",21,NA,NA,NA,NA,NA,NA,NA,NA,NA,NA,NA,0,"no_spouse_no_kids","15to30k",0,0,0,0,0,0,0,0,0,0,0,0,0,0,0,0,0,0,0,0,0,0,0,0,0,0,"rent",0,0,0,0,0,0
827,"high_need",57976,"Salt Lake County, UT",21,NA,NA,NA,NA,NA,NA,NA,NA,NA,NA,NA,0,"no_spouse_no_kids","ge30k",0,0,0,0,0,0,0,0,0,0,0,0,0,0,0,0,0,0,0,0,0,0,0,0,0,0,"rent",0,0,0,0,0,0
828,"high_need",19151,"Salt Lake County, UT",23,NA,NA,NA,NA,NA,NA,NA,NA,NA,NA,NA,0,"no_spouse_no_kids","15to30k",0,0,0,0,0,0,0,0,0,0,0,0,0,0,0,0,0,0,0,0,0,0,0,0,0,0,"rent",0,0,0,0,0,0
829,"high_need",82708,"Salt Lake County, UT",21,NA,NA,NA,NA,NA,NA,NA,NA,NA,NA,NA,0,"no_spouse_no_kids","ge30k",0,0,0,0,0,0,0,0,0,0,0,0,0,0,0,0,0,0,0,0,0,0,0,0,0,0,"rent",0,0,0,0,0,0
830,"high_need",21147,"Salt Lake County, UT",19,19,NA,NA,NA,NA,NA,NA,NA,NA,NA,NA,1,"spouse_no_kids","15to30k",0,0,0,0,0,0,0,0,0,0,0,0,0,0,0,0,0,0,0,0,0,0,0,0,0,0,"rent",0,0,0,0,0,0
831,"high_need",35091,"Salt Lake County, UT",23,NA,NA,NA,NA,NA,NA,NA,NA,NA,NA,NA,0,"no_spouse_no_kids","ge30k",0,0,0,0,0,0,0,0,0,0,0,0,0,0,0,0,0,0,0,0,0,0,0,0,0,0,"rent",0,0,0,0,0,0
832,"high_need",19886,"Salt Lake County, UT",20,NA,NA,NA,NA,NA,NA,NA,NA,NA,NA,NA,0,"no_spouse_no_kids","15to30k",0,0,0,0,0,0,0,0,0,0,0,0,0,0,0,0,0,0,0,0,0,0,0,0,0,0,"rent",0,0,0,0,0,0
833,"high_need",16940,"Salt Lake County, UT",21,NA,NA,NA,NA,NA,NA,NA,NA,NA,NA,NA,0,"no_spouse_no_kids","15to30k",0,0,0,0,0,0,0,0,0,0,0,0,0,0,0,0,0,0,0,0,0,0,0,0,0,0,"rent",0,0,0,0,0,0
834,"high_need",16395,"Salt Lake County, UT",20,NA,NA,NA,NA,NA,NA,NA,NA,NA,NA,NA,0,"no_spouse_no_kids","15to30k",0,0,0,0,0,0,0,0,0,0,0,0,0,0,0,0,0,0,0,0,0,0,0,0,0,0,"rent",0,0,0,0,0,0
835,"high_need",35030,"Salt Lake County, UT",18,NA,NA,NA,NA,NA,NA,NA,NA,NA,NA,NA,0,"no_spouse_no_kids","ge30k",0,0,0,0,0,0,0,0,0,0,0,0,0,0,0,0,0,0,0,0,0,0,0,0,0,0,"rent",0,0,0,0,0,0
836,"high_need",58915,"Salt Lake County, UT",18,NA,NA,NA,NA,NA,NA,NA,NA,NA,NA,NA,0,"no_spouse_no_kids","ge30k",0,0,0,0,0,0,0,0,0,0,0,0,0,0,0,0,0,0,0,0,0,0,0,0,0,0,"rent",0,0,0,0,0,0
837,"high_need",30860,"Salt Lake County, UT",20,NA,NA,NA,NA,NA,NA,NA,NA,NA,NA,NA,0,"no_spouse_no_kids","ge30k",0,0,0,0,0,0,0,0,0,0,0,0,0,0,0,0,0,0,0,0,0,0,0,0,0,0,"rent",0,0,0,0,0,0
838,"high_need",37104,"Salt Lake County, UT",19,NA,NA,NA,NA,NA,NA,NA,NA,NA,NA,NA,0,"no_spouse_no_kids","ge30k",0,0,0,0,0,0,0,0,0,0,0,0,0,0,0,0,0,0,0,0,0,0,0,0,0,0,"rent",0,0,0,0,0,0
839,"high_need",31545,"Salt Lake County, UT",23,NA,NA,NA,NA,NA,NA,NA,NA,NA,NA,NA,0,"no_spouse_no_kids","ge30k",0,0,0,0,0,0,0,0,0,0,0,0,0,0,0,0,0,0,0,0,0,0,0,0,0,0,"rent",0,0,0,0,0,0
840,"high_need",379,"Salt Lake County, UT",24,NA,NA,NA,NA,NA,NA,NA,NA,NA,NA,NA,0,"no_spouse_no_kids","lt15k",0,0,0,0,0,0,0,0,0,0,0,0,0,0,0,0,0,0,0,0,0,0,0,0,0,0,"rent",0,0,0,0,0,0
841,"high_need",38063,"Salt Lake County, UT",18,NA,NA,NA,NA,NA,NA,NA,NA,NA,NA,NA,0,"no_spouse_no_kids","ge30k",0,0,0,0,0,0,0,0,0,0,0,0,0,0,0,0,0,0,0,0,0,0,0,0,0,0,"rent",0,0,0,0,0,0
842,"high_need",19118,"Salt Lake County, UT",18,NA,NA,NA,NA,NA,NA,NA,NA,NA,NA,NA,0,"no_spouse_no_kids","15to30k",0,0,0,0,0,0,0,0,0,0,0,0,0,0,0,0,0,0,0,0,0,0,0,0,0,0,"rent",0,0,0,0,0,0
843,"high_need",6239,"Salt Lake County, UT",19,NA,NA,NA,NA,NA,NA,NA,NA,NA,NA,NA,0,"no_spouse_no_kids","lt15k",0,0,0,0,0,0,0,0,0,0,0,0,0,0,0,0,0,0,0,0,0,0,0,0,0,0,"rent",0,0,0,0,0,0
844,"high_need",18290,"Salt Lake County, UT",21,NA,NA,NA,NA,NA,NA,NA,NA,NA,NA,NA,0,"no_spouse_no_kids","15to30k",0,0,0,0,0,0,0,0,0,0,0,0,0,0,0,0,0,0,0,0,0,0,0,0,0,0,"rent",0,0,0,0,0,0
845,"high_need",15894,"Salt Lake County, UT",22,NA,NA,NA,NA,NA,NA,NA,NA,NA,NA,NA,0,"no_spouse_no_kids","15to30k",0,0,0,0,0,0,0,0,0,0,0,0,0,0,0,0,0,0,0,0,0,0,0,0,0,0,"rent",0,0,0,0,0,0
846,"high_need",796,"Salt Lake County, UT",24,NA,NA,NA,NA,NA,NA,NA,NA,NA,NA,NA,0,"no_spouse_no_kids","lt15k",0,0,0,0,0,0,0,0,0,0,0,0,0,0,0,0,0,0,0,0,0,0,0,0,0,0,"rent",0,0,0,0,0,0
847,"high_need",17461,"Salt Lake County, UT",18,NA,NA,NA,NA,NA,NA,NA,NA,NA,NA,NA,0,"no_spouse_no_kids","15to30k",0,0,0,0,0,0,0,0,0,0,0,0,0,0,0,0,0,0,0,0,0,0,0,0,0,0,"rent",0,0,0,0,0,0
848,"high_need",63458,"Salt Lake County, UT",23,NA,NA,NA,NA,NA,NA,NA,NA,NA,NA,NA,0,"no_spouse_no_kids","ge30k",0,0,0,0,0,0,0,0,0,0,0,0,0,0,0,0,0,0,0,0,0,0,0,0,0,0,"rent",0,0,0,0,0,0
849,"high_need",39221,"Salt Lake County, UT",23,NA,NA,NA,NA,NA,NA,NA,NA,NA,NA,NA,0,"no_spouse_no_kids","ge30k",0,0,0,0,0,0,0,0,0,0,0,0,0,0,0,0,0,0,0,0,0,0,0,0,0,0,"rent",0,0,0,0,0,0
850,"high_need",17253,"Salt Lake County, UT",22,NA,NA,NA,NA,NA,NA,NA,NA,NA,NA,NA,0,"no_spouse_no_kids","15to30k",0,0,0,0,0,0,0,0,0,0,0,0,0,0,0,0,0,0,0,0,0,0,0,0,0,0,"rent",0,0,0,0,0,0
851,"high_need",33393,"Salt Lake County, UT",23,NA,NA,NA,NA,NA,NA,NA,NA,NA,NA,NA,0,"no_spouse_no_kids","ge30k",0,0,0,0,0,0,0,0,0,0,0,0,0,0,0,0,0,0,0,0,0,0,0,0,0,0,"rent",0,0,0,0,0,0
852,"high_need",17441,"Salt Lake County, UT",19,NA,NA,NA,NA,NA,NA,NA,NA,NA,NA,NA,0,"no_spouse_no_kids","15to30k",0,0,0,0,0,0,0,0,0,0,0,0,0,0,0,0,0,0,0,0,0,0,0,0,0,0,"rent",0,0,0,0,0,0
853,"high_need",35156,"Salt Lake County, UT",19,NA,NA,NA,NA,NA,NA,NA,NA,NA,NA,NA,0,"no_spouse_no_kids","ge30k",0,0,0,0,0,0,0,0,0,0,0,0,0,0,0,0,0,0,0,0,0,0,0,0,0,0,"rent",0,0,0,0,0,0
854,"high_need",4806,"Salt Lake County, UT",20,NA,NA,NA,NA,NA,NA,NA,NA,NA,NA,NA,0,"no_spouse_no_kids","lt15k",0,0,0,0,0,0,0,0,0,0,0,0,0,0,0,0,0,0,0,0,0,0,0,0,0,0,"rent",0,0,0,0,0,0
855,"high_need",16385,"Salt Lake County, UT",23,NA,NA,NA,NA,NA,NA,NA,NA,NA,NA,NA,0,"no_spouse_no_kids","15to30k",0,0,0,0,0,0,0,0,0,0,0,0,0,0,0,0,0,0,0,0,0,0,0,0,0,0,"rent",0,0,0,0,0,0
856,"high_need",38711,"Salt Lake County, UT",21,24,NA,NA,NA,NA,NA,NA,NA,NA,NA,NA,1,"spouse_no_kids","ge30k",0,0,0,0,0,0,0,0,0,0,0,0,0,0,0,0,0,0,0,0,0,0,0,0,0,0,"rent",0,0,0,0,0,0
857,"high_need",49108,"Salt Lake County, UT",19,NA,NA,NA,NA,NA,NA,NA,NA,NA,NA,NA,0,"no_spouse_no_kids","ge30k",0,0,0,0,0,0,0,0,0,0,0,0,0,0,0,0,0,0,0,0,0,0,0,0,0,0,"rent",0,0,0,0,0,0
858,"high_need",228,"Salt Lake County, UT",22,NA,NA,NA,NA,NA,NA,NA,NA,NA,NA,NA,0,"no_spouse_no_kids","lt15k",0,0,0,0,0,0,0,0,0,0,0,0,0,0,0,0,0,0,0,0,0,0,0,0,0,0,"rent",0,0,0,0,0,0
859,"high_need",3581,"Salt Lake County, UT",24,NA,NA,NA,NA,NA,NA,NA,NA,NA,NA,NA,0,"no_spouse_no_kids","lt15k",0,0,0,0,0,0,0,0,0,0,0,0,0,0,0,0,0,0,0,0,0,0,0,0,0,0,"rent",0,0,0,0,0,0
860,"high_need",3171,"Salt Lake County, UT",19,NA,NA,NA,NA,NA,NA,NA,NA,NA,NA,NA,0,"no_spouse_no_kids","lt15k",0,0,0,0,0,0,0,0,0,0,0,0,0,0,0,0,0,0,0,0,0,0,0,0,0,0,"rent",0,0,0,0,0,0
861,"high_need",84128,"Salt Lake County, UT",21,NA,NA,NA,NA,NA,NA,NA,NA,NA,NA,NA,0,"no_spouse_no_kids","ge30k",0,0,0,0,0,0,0,0,0,0,0,0,0,0,0,0,0,0,0,0,0,0,0,0,0,0,"rent",0,0,0,0,0,0
862,"high_need",7164,"Salt Lake County, UT",22,NA,NA,NA,NA,NA,NA,NA,NA,NA,NA,NA,0,"no_spouse_no_kids","lt15k",0,0,0,0,0,0,0,0,0,0,0,0,0,0,0,0,0,0,0,0,0,0,0,0,0,0,"rent",0,0,0,0,0,0
863,"high_need",31913,"Salt Lake County, UT",20,NA,NA,NA,NA,NA,NA,NA,NA,NA,NA,NA,0,"no_spouse_no_kids","ge30k",0,0,0,0,0,0,0,0,0,0,0,0,0,0,0,0,0,0,0,0,0,0,0,0,0,0,"rent",0,0,0,0,0,0
864,"high_need",58936,"Salt Lake County, UT",21,NA,NA,NA,NA,NA,NA,NA,NA,NA,NA,NA,0,"no_spouse_no_kids","ge30k",0,0,0,0,0,0,0,0,0,0,0,0,0,0,0,0,0,0,0,0,0,0,0,0,0,0,"rent",0,0,0,0,0,0
865,"high_need",65325,"Salt Lake County, UT",20,NA,NA,NA,NA,NA,NA,NA,NA,NA,NA,NA,0,"no_spouse_no_kids","ge30k",0,0,0,0,0,0,0,0,0,0,0,0,0,0,0,0,0,0,0,0,0,0,0,0,0,0,"rent",0,0,0,0,0,0
866,"high_need",3754,"Salt Lake County, UT",21,21,0,NA,NA,NA,NA,NA,NA,NA,NA,NA,1,"spouse_with_kids","lt15k",0,0,0,0,0,0,0,0,0,0,0,0,0,0,0,0,0,0,0,0,0,0,0,0,0,0,"rent",0,0,0,0,0,0
867,"high_need",3194,"Salt Lake County, UT",21,NA,NA,NA,NA,NA,NA,NA,NA,NA,NA,NA,0,"no_spouse_no_kids","lt15k",0,0,0,0,0,0,0,0,0,0,0,0,0,0,0,0,0,0,0,0,0,0,0,0,0,0,"rent",0,0,0,0,0,0
868,"high_need",18402,"Salt Lake County, UT",23,NA,NA,NA,NA,NA,NA,NA,NA,NA,NA,NA,0,"no_spouse_no_kids","15to30k",0,0,0,0,0,0,0,0,0,0,0,0,0,0,0,0,0,0,0,0,0,0,0,0,0,0,"rent",0,0,0,0,0,0
869,"high_need",50749,"Salt Lake County, UT",21,NA,NA,NA,NA,NA,NA,NA,NA,NA,NA,NA,0,"no_spouse_no_kids","ge30k",0,0,0,0,0,0,0,0,0,0,0,0,0,0,0,0,0,0,0,0,0,0,0,0,0,0,"rent",0,0,0,0,0,0
870,"high_need",9165,"Salt Lake County, UT",22,NA,NA,NA,NA,NA,NA,NA,NA,NA,NA,NA,0,"no_spouse_no_kids","lt15k",0,0,0,0,0,0,0,0,0,0,0,0,0,0,0,0,0,0,0,0,0,0,0,0,0,0,"rent",0,0,0,0,0,0
871,"high_need",10508,"Salt Lake County, UT",21,NA,NA,NA,NA,NA,NA,NA,NA,NA,NA,NA,0,"no_spouse_no_kids","lt15k",0,0,0,0,0,0,0,0,0,0,0,0,0,0,0,0,0,0,0,0,0,0,0,0,0,0,"rent",0,0,0,0,0,0
872,"high_need",77339,"Salt Lake County, UT",23,NA,NA,NA,NA,NA,NA,NA,NA,NA,NA,NA,0,"no_spouse_no_kids","ge30k",0,0,0,0,0,0,0,0,0,0,0,0,0,0,0,0,0,0,0,0,0,0,0,0,0,0,"rent",0,0,0,0,0,0
873,"high_need",56365,"Salt Lake County, UT",18,NA,NA,NA,NA,NA,NA,NA,NA,NA,NA,NA,0,"no_spouse_no_kids","ge30k",0,0,0,0,0,0,0,0,0,0,0,0,0,0,0,0,0,0,0,0,0,0,0,0,0,0,"rent",0,0,0,0,0,0
874,"high_need",8780,"Salt Lake County, UT",23,NA,NA,NA,NA,NA,NA,NA,NA,NA,NA,NA,0,"no_spouse_no_kids","lt15k",0,0,0,0,0,0,0,0,0,0,0,0,0,0,0,0,0,0,0,0,0,0,0,0,0,0,"rent",0,0,0,0,0,0
875,"high_need",1026,"Salt Lake County, UT",19,NA,NA,NA,NA,NA,NA,NA,NA,NA,NA,NA,0,"no_spouse_no_kids","lt15k",0,0,0,0,0,0,0,0,0,0,0,0,0,0,0,0,0,0,0,0,0,0,0,0,0,0,"rent",0,0,0,0,0,0
876,"high_need",18444,"Salt Lake County, UT",18,NA,NA,NA,NA,NA,NA,NA,NA,NA,NA,NA,0,"no_spouse_no_kids","15to30k",0,0,0,0,0,0,0,0,0,0,0,0,0,0,0,0,0,0,0,0,0,0,0,0,0,0,"rent",0,0,0,0,0,0
877,"high_need",9330,"Salt Lake County, UT",24,NA,NA,NA,NA,NA,NA,NA,NA,NA,NA,NA,0,"no_spouse_no_kids","lt15k",0,0,0,0,0,0,0,0,0,0,0,0,0,0,0,0,0,0,0,0,0,0,0,0,0,0,"rent",0,0,0,0,0,0
878,"high_need",1814,"Salt Lake County, UT",18,NA,NA,NA,NA,NA,NA,NA,NA,NA,NA,NA,0,"no_spouse_no_kids","lt15k",0,0,0,0,0,0,0,0,0,0,0,0,0,0,0,0,0,0,0,0,0,0,0,0,0,0,"rent",0,0,0,0,0,0
879,"high_need",67054,"Salt Lake County, UT",20,NA,NA,NA,NA,NA,NA,NA,NA,NA,NA,NA,0,"no_spouse_no_kids","ge30k",0,0,0,0,0,0,0,0,0,0,0,0,0,0,0,0,0,0,0,0,0,0,0,0,0,0,"rent",0,0,0,0,0,0
880,"high_need",5284,"Salt Lake County, UT",19,NA,NA,NA,NA,NA,NA,NA,NA,NA,NA,NA,0,"no_spouse_no_kids","lt15k",0,0,0,0,0,0,0,0,0,0,0,0,0,0,0,0,0,0,0,0,0,0,0,0,0,0,"rent",0,0,0,0,0,0
881,"high_need",47344,"Salt Lake County, UT",22,NA,NA,NA,NA,NA,NA,NA,NA,NA,NA,NA,0,"no_spouse_no_kids","ge30k",0,0,0,0,0,0,0,0,0,0,0,0,0,0,0,0,0,0,0,0,0,0,0,0,0,0,"rent",0,0,0,0,0,0
882,"high_need",7703,"Salt Lake County, UT",19,NA,NA,NA,NA,NA,NA,NA,NA,NA,NA,NA,0,"no_spouse_no_kids","lt15k",0,0,0,0,0,0,0,0,0,0,0,0,0,0,0,0,0,0,0,0,0,0,0,0,0,0,"rent",0,0,0,0,0,0
883,"high_need",73623,"Salt Lake County, UT",20,NA,NA,NA,NA,NA,NA,NA,NA,NA,NA,NA,0,"no_spouse_no_kids","ge30k",0,0,0,0,0,0,0,0,0,0,0,0,0,0,0,0,0,0,0,0,0,0,0,0,0,0,"rent",0,0,0,0,0,0
884,"high_need",16651,"Salt Lake County, UT",22,NA,NA,NA,NA,NA,NA,NA,NA,NA,NA,NA,0,"no_spouse_no_kids","15to30k",0,0,0,0,0,0,0,0,0,0,0,0,0,0,0,0,0,0,0,0,0,0,0,0,0,0,"rent",0,0,0,0,0,0
885,"high_need",36661,"Salt Lake County, UT",19,NA,NA,NA,NA,NA,NA,NA,NA,NA,NA,NA,0,"no_spouse_no_kids","ge30k",0,0,0,0,0,0,0,0,0,0,0,0,0,0,0,0,0,0,0,0,0,0,0,0,0,0,"rent",0,0,0,0,0,0
886,"high_need",4858,"Salt Lake County, UT",19,NA,NA,NA,NA,NA,NA,NA,NA,NA,NA,NA,0,"no_spouse_no_kids","lt15k",0,0,0,0,0,0,0,0,0,0,0,0,0,0,0,0,0,0,0,0,0,0,0,0,0,0,"rent",0,0,0,0,0,0
887,"high_need",35253,"Salt Lake County, UT",21,NA,NA,NA,NA,NA,NA,NA,NA,NA,NA,NA,0,"no_spouse_no_kids","ge30k",0,0,0,0,0,0,0,0,0,0,0,0,0,0,0,0,0,0,0,0,0,0,0,0,0,0,"rent",0,0,0,0,0,0
888,"high_need",30041,"Salt Lake County, UT",23,NA,NA,NA,NA,NA,NA,NA,NA,NA,NA,NA,0,"no_spouse_no_kids","ge30k",0,0,0,0,0,0,0,0,0,0,0,0,0,0,0,0,0,0,0,0,0,0,0,0,0,0,"rent",0,0,0,0,0,0
889,"high_need",30504,"Salt Lake County, UT",24,NA,NA,NA,NA,NA,NA,NA,NA,NA,NA,NA,0,"no_spouse_no_kids","ge30k",0,0,0,0,0,0,0,0,0,0,0,0,0,0,0,0,0,0,0,0,0,0,0,0,0,0,"rent",0,0,0,0,0,0
890,"high_need",16661,"Salt Lake County, UT",21,NA,NA,NA,NA,NA,NA,NA,NA,NA,NA,NA,0,"no_spouse_no_kids","15to30k",0,0,0,0,0,0,0,0,0,0,0,0,0,0,0,0,0,0,0,0,0,0,0,0,0,0,"rent",0,0,0,0,0,0
891,"high_need",5049,"Salt Lake County, UT",22,NA,NA,NA,NA,NA,NA,NA,NA,NA,NA,NA,0,"no_spouse_no_kids","lt15k",0,0,0,0,0,0,0,0,0,0,0,0,0,0,0,0,0,0,0,0,0,0,0,0,0,0,"rent",0,0,0,0,0,0
892,"high_need",41793,"Salt Lake County, UT",18,NA,NA,NA,NA,NA,NA,NA,NA,NA,NA,NA,0,"no_spouse_no_kids","ge30k",0,0,0,0,0,0,0,0,0,0,0,0,0,0,0,0,0,0,0,0,0,0,0,0,0,0,"rent",0,0,0,0,0,0
893,"high_need",5876,"Salt Lake County, UT",20,NA,NA,NA,NA,NA,NA,NA,NA,NA,NA,NA,0,"no_spouse_no_kids","lt15k",0,0,0,0,0,0,0,0,0,0,0,0,0,0,0,0,0,0,0,0,0,0,0,0,0,0,"rent",0,0,0,0,0,0
894,"high_need",69350,"Salt Lake County, UT",22,0,NA,NA,NA,NA,NA,NA,NA,NA,NA,NA,0,"no_spouse_with_kids","ge30k",0,0,0,0,0,0,0,0,0,0,0,0,0,0,0,0,0,0,0,0,0,0,0,0,0,0,"rent",0,0,0,0,0,0
895,"high_need",6784,"Salt Lake County, UT",19,NA,NA,NA,NA,NA,NA,NA,NA,NA,NA,NA,0,"no_spouse_no_kids","lt15k",0,0,0,0,0,0,0,0,0,0,0,0,0,0,0,0,0,0,0,0,0,0,0,0,0,0,"rent",0,0,0,0,0,0
896,"high_need",19265,"Salt Lake County, UT",20,NA,NA,NA,NA,NA,NA,NA,NA,NA,NA,NA,0,"no_spouse_no_kids","15to30k",0,0,0,0,0,0,0,0,0,0,0,0,0,0,0,0,0,0,0,0,0,0,0,0,0,0,"rent",0,0,0,0,0,0
897,"high_need",16431,"Salt Lake County, UT",24,NA,NA,NA,NA,NA,NA,NA,NA,NA,NA,NA,0,"no_spouse_no_kids","15to30k",0,0,0,0,0,0,0,0,0,0,0,0,0,0,0,0,0,0,0,0,0,0,0,0,0,0,"rent",0,0,0,0,0,0
898,"high_need",6734,"Salt Lake County, UT",22,NA,NA,NA,NA,NA,NA,NA,NA,NA,NA,NA,0,"no_spouse_no_kids","lt15k",0,0,0,0,0,0,0,0,0,0,0,0,0,0,0,0,0,0,0,0,0,0,0,0,0,0,"rent",0,0,0,0,0,0
899,"high_need",321,"Salt Lake County, UT",24,NA,NA,NA,NA,NA,NA,NA,NA,NA,NA,NA,0,"no_spouse_no_kids","lt15k",0,0,0,0,0,0,0,0,0,0,0,0,0,0,0,0,0,0,0,0,0,0,0,0,0,0,"rent",0,0,0,0,0,0
900,"high_need",4973,"Salt Lake County, UT",18,NA,NA,NA,NA,NA,NA,NA,NA,NA,NA,NA,0,"no_spouse_no_kids","lt15k",0,0,0,0,0,0,0,0,0,0,0,0,0,0,0,0,0,0,0,0,0,0,0,0,0,0,"rent",0,0,0,0,0,0
901,"high_need",15037,"Salt Lake County, UT",18,NA,NA,NA,NA,NA,NA,NA,NA,NA,NA,NA,0,"no_spouse_no_kids","15to30k",0,0,0,0,0,0,0,0,0,0,0,0,0,0,0,0,0,0,0,0,0,0,0,0,0,0,"rent",0,0,0,0,0,0
902,"high_need",19173,"Salt Lake County, UT",23,NA,NA,NA,NA,NA,NA,NA,NA,NA,NA,NA,0,"no_spouse_no_kids","15to30k",0,0,0,0,0,0,0,0,0,0,0,0,0,0,0,0,0,0,0,0,0,0,0,0,0,0,"rent",0,0,0,0,0,0
903,"high_need",45444,"Salt Lake County, UT",18,NA,NA,NA,NA,NA,NA,NA,NA,NA,NA,NA,0,"no_spouse_no_kids","ge30k",0,0,0,0,0,0,0,0,0,0,0,0,0,0,0,0,0,0,0,0,0,0,0,0,0,0,"rent",0,0,0,0,0,0
904,"high_need",44826,"Salt Lake County, UT",20,NA,NA,NA,NA,NA,NA,NA,NA,NA,NA,NA,0,"no_spouse_no_kids","ge30k",0,0,0,0,0,0,0,0,0,0,0,0,0,0,0,0,0,0,0,0,0,0,0,0,0,0,"rent",0,0,0,0,0,0
905,"high_need",16458,"Salt Lake County, UT",18,NA,NA,NA,NA,NA,NA,NA,NA,NA,NA,NA,0,"no_spouse_no_kids","15to30k",0,0,0,0,0,0,0,0,0,0,0,0,0,0,0,0,0,0,0,0,0,0,0,0,0,0,"rent",0,0,0,0,0,0
906,"high_need",6361,"Salt Lake County, UT",22,NA,NA,NA,NA,NA,NA,NA,NA,NA,NA,NA,0,"no_spouse_no_kids","lt15k",0,0,0,0,0,0,0,0,0,0,0,0,0,0,0,0,0,0,0,0,0,0,0,0,0,0,"rent",0,0,0,0,0,0
907,"high_need",7272,"Salt Lake County, UT",20,NA,NA,NA,NA,NA,NA,NA,NA,NA,NA,NA,0,"no_spouse_no_kids","lt15k",0,0,0,0,0,0,0,0,0,0,0,0,0,0,0,0,0,0,0,0,0,0,0,0,0,0,"rent",0,0,0,0,0,0
908,"high_need",17954,"Salt Lake County, UT",20,NA,NA,NA,NA,NA,NA,NA,NA,NA,NA,NA,0,"no_spouse_no_kids","15to30k",0,0,0,0,0,0,0,0,0,0,0,0,0,0,0,0,0,0,0,0,0,0,0,0,0,0,"rent",0,0,0,0,0,0
909,"high_need",56942,"Salt Lake County, UT",19,NA,NA,NA,NA,NA,NA,NA,NA,NA,NA,NA,0,"no_spouse_no_kids","ge30k",0,0,0,0,0,0,0,0,0,0,0,0,0,0,0,0,0,0,0,0,0,0,0,0,0,0,"rent",0,0,0,0,0,0
910,"high_need",17517,"Salt Lake County, UT",23,NA,NA,NA,NA,NA,NA,NA,NA,NA,NA,NA,0,"no_spouse_no_kids","15to30k",0,0,0,0,0,0,0,0,0,0,0,0,0,0,0,0,0,0,0,0,0,0,0,0,0,0,"rent",0,0,0,0,0,0
911,"high_need",4548,"Salt Lake County, UT",23,NA,NA,NA,NA,NA,NA,NA,NA,NA,NA,NA,0,"no_spouse_no_kids","lt15k",0,0,0,0,0,0,0,0,0,0,0,0,0,0,0,0,0,0,0,0,0,0,0,0,0,0,"rent",0,0,0,0,0,0
912,"high_need",46653,"Salt Lake County, UT",24,NA,NA,NA,NA,NA,NA,NA,NA,NA,NA,NA,0,"no_spouse_no_kids","ge30k",0,0,0,0,0,0,0,0,0,0,0,0,0,0,0,0,0,0,0,0,0,0,0,0,0,0,"rent",0,0,0,0,0,0
913,"high_need",68389,"Salt Lake County, UT",18,NA,NA,NA,NA,NA,NA,NA,NA,NA,NA,NA,0,"no_spouse_no_kids","ge30k",0,0,0,0,0,0,0,0,0,0,0,0,0,0,0,0,0,0,0,0,0,0,0,0,0,0,"rent",0,0,0,0,0,0
914,"high_need",3392,"Salt Lake County, UT",19,NA,NA,NA,NA,NA,NA,NA,NA,NA,NA,NA,0,"no_spouse_no_kids","lt15k",0,0,0,0,0,0,0,0,0,0,0,0,0,0,0,0,0,0,0,0,0,0,0,0,0,0,"rent",0,0,0,0,0,0
915,"high_need",19176,"Salt Lake County, UT",21,NA,NA,NA,NA,NA,NA,NA,NA,NA,NA,NA,0,"no_spouse_no_kids","15to30k",0,0,0,0,0,0,0,0,0,0,0,0,0,0,0,0,0,0,0,0,0,0,0,0,0,0,"rent",0,0,0,0,0,0
916,"high_need",41310,"Salt Lake County, UT",19,NA,NA,NA,NA,NA,NA,NA,NA,NA,NA,NA,0,"no_spouse_no_kids","ge30k",0,0,0,0,0,0,0,0,0,0,0,0,0,0,0,0,0,0,0,0,0,0,0,0,0,0,"rent",0,0,0,0,0,0
917,"high_need",40132,"Salt Lake County, UT",18,NA,NA,NA,NA,NA,NA,NA,NA,NA,NA,NA,0,"no_spouse_no_kids","ge30k",0,0,0,0,0,0,0,0,0,0,0,0,0,0,0,0,0,0,0,0,0,0,0,0,0,0,"rent",0,0,0,0,0,0
918,"high_need",15282,"Salt Lake County, UT",22,NA,NA,NA,NA,NA,NA,NA,NA,NA,NA,NA,0,"no_spouse_no_kids","15to30k",0,0,0,0,0,0,0,0,0,0,0,0,0,0,0,0,0,0,0,0,0,0,0,0,0,0,"rent",0,0,0,0,0,0
919,"high_need",1397,"Salt Lake County, UT",24,NA,NA,NA,NA,NA,NA,NA,NA,NA,NA,NA,0,"no_spouse_no_kids","lt15k",0,0,0,0,0,0,0,0,0,0,0,0,0,0,0,0,0,0,0,0,0,0,0,0,0,0,"rent",0,0,0,0,0,0
920,"high_need",3314,"Salt Lake County, UT",23,NA,NA,NA,NA,NA,NA,NA,NA,NA,NA,NA,0,"no_spouse_no_kids","lt15k",0,0,0,0,0,0,0,0,0,0,0,0,0,0,0,0,0,0,0,0,0,0,0,0,0,0,"rent",0,0,0,0,0,0
921,"high_need",47549,"Salt Lake County, UT",18,NA,NA,NA,NA,NA,NA,NA,NA,NA,NA,NA,0,"no_spouse_no_kids","ge30k",0,0,0,0,0,0,0,0,0,0,0,0,0,0,0,0,0,0,0,0,0,0,0,0,0,0,"rent",0,0,0,0,0,0
922,"high_need",55687,"Salt Lake County, UT",24,NA,NA,NA,NA,NA,NA,NA,NA,NA,NA,NA,0,"no_spouse_no_kids","ge30k",0,0,0,0,0,0,0,0,0,0,0,0,0,0,0,0,0,0,0,0,0,0,0,0,0,0,"rent",0,0,0,0,0,0
923,"high_need",47162,"Salt Lake County, UT",21,NA,NA,NA,NA,NA,NA,NA,NA,NA,NA,NA,0,"no_spouse_no_kids","ge30k",0,0,0,0,0,0,0,0,0,0,0,0,0,0,0,0,0,0,0,0,0,0,0,0,0,0,"rent",0,0,0,0,0,0
924,"high_need",5135,"Salt Lake County, UT",19,NA,NA,NA,NA,NA,NA,NA,NA,NA,NA,NA,0,"no_spouse_no_kids","lt15k",0,0,0,0,0,0,0,0,0,0,0,0,0,0,0,0,0,0,0,0,0,0,0,0,0,0,"rent",0,0,0,0,0,0
925,"high_need",21906,"Salt Lake County, UT",18,1,NA,NA,NA,NA,NA,NA,NA,NA,NA,NA,0,"no_spouse_with_kids","15to30k",0,0,0,0,0,0,0,0,0,0,0,0,0,0,0,0,0,0,0,0,0,0,0,0,0,0,"rent",0,0,0,0,0,0
926,"high_need",3594,"Salt Lake County, UT",18,NA,NA,NA,NA,NA,NA,NA,NA,NA,NA,NA,0,"no_spouse_no_kids","lt15k",0,0,0,0,0,0,0,0,0,0,0,0,0,0,0,0,0,0,0,0,0,0,0,0,0,0,"rent",0,0,0,0,0,0
927,"high_need",15863,"Salt Lake County, UT",22,NA,NA,NA,NA,NA,NA,NA,NA,NA,NA,NA,0,"no_spouse_no_kids","15to30k",0,0,0,0,0,0,0,0,0,0,0,0,0,0,0,0,0,0,0,0,0,0,0,0,0,0,"rent",0,0,0,0,0,0
928,"high_need",43152,"Salt Lake County, UT",21,NA,NA,NA,NA,NA,NA,NA,NA,NA,NA,NA,0,"no_spouse_no_kids","ge30k",0,0,0,0,0,0,0,0,0,0,0,0,0,0,0,0,0,0,0,0,0,0,0,0,0,0,"rent",0,0,0,0,0,0
929,"high_need",15085,"Salt Lake County, UT",24,NA,NA,NA,NA,NA,NA,NA,NA,NA,NA,NA,0,"no_spouse_no_kids","15to30k",0,0,0,0,0,0,0,0,0,0,0,0,0,0,0,0,0,0,0,0,0,0,0,0,0,0,"rent",0,0,0,0,0,0
930,"high_need",65909,"Salt Lake County, UT",19,21,NA,NA,NA,NA,NA,NA,NA,NA,NA,NA,1,"spouse_no_kids","ge30k",0,0,0,0,0,0,0,0,0,0,0,0,0,0,0,0,0,0,0,0,0,0,0,0,0,0,"rent",0,0,0,0,0,0
931,"high_need",7284,"Salt Lake County, UT",18,NA,NA,NA,NA,NA,NA,NA,NA,NA,NA,NA,0,"no_spouse_no_kids","lt15k",0,0,0,0,0,0,0,0,0,0,0,0,0,0,0,0,0,0,0,0,0,0,0,0,0,0,"rent",0,0,0,0,0,0
932,"high_need",57181,"Salt Lake County, UT",21,NA,NA,NA,NA,NA,NA,NA,NA,NA,NA,NA,0,"no_spouse_no_kids","ge30k",0,0,0,0,0,0,0,0,0,0,0,0,0,0,0,0,0,0,0,0,0,0,0,0,0,0,"rent",0,0,0,0,0,0
933,"high_need",15356,"Salt Lake County, UT",18,NA,NA,NA,NA,NA,NA,NA,NA,NA,NA,NA,0,"no_spouse_no_kids","15to30k",0,0,0,0,0,0,0,0,0,0,0,0,0,0,0,0,0,0,0,0,0,0,0,0,0,0,"rent",0,0,0,0,0,0
934,"high_need",16414,"Salt Lake County, UT",20,NA,NA,NA,NA,NA,NA,NA,NA,NA,NA,NA,0,"no_spouse_no_kids","15to30k",0,0,0,0,0,0,0,0,0,0,0,0,0,0,0,0,0,0,0,0,0,0,0,0,0,0,"rent",0,0,0,0,0,0
935,"high_need",17965,"Salt Lake County, UT",19,NA,NA,NA,NA,NA,NA,NA,NA,NA,NA,NA,0,"no_spouse_no_kids","15to30k",0,0,0,0,0,0,0,0,0,0,0,0,0,0,0,0,0,0,0,0,0,0,0,0,0,0,"rent",0,0,0,0,0,0
936,"high_need",48273,"Salt Lake County, UT",22,NA,NA,NA,NA,NA,NA,NA,NA,NA,NA,NA,0,"no_spouse_no_kids","ge30k",0,0,0,0,0,0,0,0,0,0,0,0,0,0,0,0,0,0,0,0,0,0,0,0,0,0,"rent",0,0,0,0,0,0
937,"high_need",15741,"Salt Lake County, UT",23,NA,NA,NA,NA,NA,NA,NA,NA,NA,NA,NA,0,"no_spouse_no_kids","15to30k",0,0,0,0,0,0,0,0,0,0,0,0,0,0,0,0,0,0,0,0,0,0,0,0,0,0,"rent",0,0,0,0,0,0
938,"high_need",35036,"Salt Lake County, UT",20,NA,NA,NA,NA,NA,NA,NA,NA,NA,NA,NA,0,"no_spouse_no_kids","ge30k",0,0,0,0,0,0,0,0,0,0,0,0,0,0,0,0,0,0,0,0,0,0,0,0,0,0,"rent",0,0,0,0,0,0
939,"high_need",18004,"Salt Lake County, UT",20,NA,NA,NA,NA,NA,NA,NA,NA,NA,NA,NA,0,"no_spouse_no_kids","15to30k",0,0,0,0,0,0,0,0,0,0,0,0,0,0,0,0,0,0,0,0,0,0,0,0,0,0,"rent",0,0,0,0,0,0
940,"high_need",6603,"Salt Lake County, UT",23,NA,NA,NA,NA,NA,NA,NA,NA,NA,NA,NA,0,"no_spouse_no_kids","lt15k",0,0,0,0,0,0,0,0,0,0,0,0,0,0,0,0,0,0,0,0,0,0,0,0,0,0,"rent",0,0,0,0,0,0
941,"high_need",674,"Salt Lake County, UT",19,NA,NA,NA,NA,NA,NA,NA,NA,NA,NA,NA,0,"no_spouse_no_kids","lt15k",0,0,0,0,0,0,0,0,0,0,0,0,0,0,0,0,0,0,0,0,0,0,0,0,0,0,"rent",0,0,0,0,0,0
942,"high_need",19255,"Salt Lake County, UT",23,NA,NA,NA,NA,NA,NA,NA,NA,NA,NA,NA,0,"no_spouse_no_kids","15to30k",0,0,0,0,0,0,0,0,0,0,0,0,0,0,0,0,0,0,0,0,0,0,0,0,0,0,"rent",0,0,0,0,0,0
943,"high_need",6452,"Salt Lake County, UT",23,NA,NA,NA,NA,NA,NA,NA,NA,NA,NA,NA,0,"no_spouse_no_kids","lt15k",0,0,0,0,0,0,0,0,0,0,0,0,0,0,0,0,0,0,0,0,0,0,0,0,0,0,"rent",0,0,0,0,0,0
944,"high_need",7125,"Salt Lake County, UT",22,NA,NA,NA,NA,NA,NA,NA,NA,NA,NA,NA,0,"no_spouse_no_kids","lt15k",0,0,0,0,0,0,0,0,0,0,0,0,0,0,0,0,0,0,0,0,0,0,0,0,0,0,"rent",0,0,0,0,0,0
945,"high_need",57913,"Salt Lake County, UT",21,NA,NA,NA,NA,NA,NA,NA,NA,NA,NA,NA,0,"no_spouse_no_kids","ge30k",0,0,0,0,0,0,0,0,0,0,0,0,0,0,0,0,0,0,0,0,0,0,0,0,0,0,"rent",0,0,0,0,0,0
946,"high_need",4716,"Salt Lake County, UT",24,NA,NA,NA,NA,NA,NA,NA,NA,NA,NA,NA,0,"no_spouse_no_kids","lt15k",0,0,0,0,0,0,0,0,0,0,0,0,0,0,0,0,0,0,0,0,0,0,0,0,0,0,"rent",0,0,0,0,0,0
947,"high_need",51165,"Salt Lake County, UT",24,2,NA,NA,NA,NA,NA,NA,NA,NA,NA,NA,0,"no_spouse_with_kids","ge30k",0,0,0,0,0,0,0,0,0,0,0,0,0,0,0,0,0,0,0,0,0,0,0,0,0,0,"rent",0,0,0,0,0,0
948,"high_need",18340,"Salt Lake County, UT",24,NA,NA,NA,NA,NA,NA,NA,NA,NA,NA,NA,0,"no_spouse_no_kids","15to30k",0,0,0,0,0,0,0,0,0,0,0,0,0,0,0,0,0,0,0,0,0,0,0,0,0,0,"rent",0,0,0,0,0,0
949,"high_need",5421,"Salt Lake County, UT",24,NA,NA,NA,NA,NA,NA,NA,NA,NA,NA,NA,0,"no_spouse_no_kids","lt15k",0,0,0,0,0,0,0,0,0,0,0,0,0,0,0,0,0,0,0,0,0,0,0,0,0,0,"rent",0,0,0,0,0,0
950,"high_need",4203,"Salt Lake County, UT",22,2,NA,NA,NA,NA,NA,NA,NA,NA,NA,NA,0,"no_spouse_with_kids","lt15k",0,0,0,0,0,0,0,0,0,0,0,0,0,0,0,0,0,0,0,0,0,0,0,0,0,0,"rent",0,0,0,0,0,0
951,"high_need",19375,"Salt Lake County, UT",24,NA,NA,NA,NA,NA,NA,NA,NA,NA,NA,NA,0,"no_spouse_no_kids","15to30k",0,0,0,0,0,0,0,0,0,0,0,0,0,0,0,0,0,0,0,0,0,0,0,0,0,0,"rent",0,0,0,0,0,0
952,"high_need",4620,"Salt Lake County, UT",23,3,NA,NA,NA,NA,NA,NA,NA,NA,NA,NA,0,"no_spouse_with_kids","lt15k",0,0,0,0,0,0,0,0,0,0,0,0,0,0,0,0,0,0,0,0,0,0,0,0,0,0,"rent",0,0,0,0,0,0
953,"high_need",35106,"Salt Lake County, UT",19,NA,NA,NA,NA,NA,NA,NA,NA,NA,NA,NA,0,"no_spouse_no_kids","ge30k",0,0,0,0,0,0,0,0,0,0,0,0,0,0,0,0,0,0,0,0,0,0,0,0,0,0,"rent",0,0,0,0,0,0
954,"high_need",2479,"Salt Lake County, UT",22,NA,NA,NA,NA,NA,NA,NA,NA,NA,NA,NA,0,"no_spouse_no_kids","lt15k",0,0,0,0,0,0,0,0,0,0,0,0,0,0,0,0,0,0,0,0,0,0,0,0,0,0,"rent",0,0,0,0,0,0
955,"high_need",137682,"Salt Lake County, UT",24,NA,NA,NA,NA,NA,NA,NA,NA,NA,NA,NA,0,"no_spouse_no_kids","ge30k",0,0,0,0,0,0,0,0,0,0,0,0,0,0,0,0,0,0,0,0,0,0,0,0,0,0,"rent",0,0,0,0,0,0
956,"high_need",15498,"Salt Lake County, UT",20,NA,NA,NA,NA,NA,NA,NA,NA,NA,NA,NA,0,"no_spouse_no_kids","15to30k",0,0,0,0,0,0,0,0,0,0,0,0,0,0,0,0,0,0,0,0,0,0,0,0,0,0,"rent",0,0,0,0,0,0
957,"high_need",6776,"Salt Lake County, UT",20,NA,NA,NA,NA,NA,NA,NA,NA,NA,NA,NA,0,"no_spouse_no_kids","lt15k",0,0,0,0,0,0,0,0,0,0,0,0,0,0,0,0,0,0,0,0,0,0,0,0,0,0,"rent",0,0,0,0,0,0
958,"high_need",1826,"Salt Lake County, UT",22,NA,NA,NA,NA,NA,NA,NA,NA,NA,NA,NA,0,"no_spouse_no_kids","lt15k",0,0,0,0,0,0,0,0,0,0,0,0,0,0,0,0,0,0,0,0,0,0,0,0,0,0,"rent",0,0,0,0,0,0
959,"high_need",31373,"Salt Lake County, UT",22,NA,NA,NA,NA,NA,NA,NA,NA,NA,NA,NA,0,"no_spouse_no_kids","ge30k",0,0,0,0,0,0,0,0,0,0,0,0,0,0,0,0,0,0,0,0,0,0,0,0,0,0,"rent",0,0,0,0,0,0
960,"high_need",74382,"Salt Lake County, UT",23,NA,NA,NA,NA,NA,NA,NA,NA,NA,NA,NA,0,"no_spouse_no_kids","ge30k",0,0,0,0,0,0,0,0,0,0,0,0,0,0,0,0,0,0,0,0,0,0,0,0,0,0,"rent",0,0,0,0,0,0
961,"high_need",17193,"Salt Lake County, UT",23,NA,NA,NA,NA,NA,NA,NA,NA,NA,NA,NA,0,"no_spouse_no_kids","15to30k",0,0,0,0,0,0,0,0,0,0,0,0,0,0,0,0,0,0,0,0,0,0,0,0,0,0,"rent",0,0,0,0,0,0
962,"high_need",3729,"Salt Lake County, UT",22,NA,NA,NA,NA,NA,NA,NA,NA,NA,NA,NA,0,"no_spouse_no_kids","lt15k",0,0,0,0,0,0,0,0,0,0,0,0,0,0,0,0,0,0,0,0,0,0,0,0,0,0,"rent",0,0,0,0,0,0
963,"high_need",2759,"Salt Lake County, UT",19,0,NA,NA,NA,NA,NA,NA,NA,NA,NA,NA,0,"no_spouse_with_kids","lt15k",0,0,0,0,0,0,0,0,0,0,0,0,0,0,0,0,0,0,0,0,0,0,0,0,0,0,"rent",0,0,0,0,0,0
964,"high_need",2887,"Salt Lake County, UT",21,NA,NA,NA,NA,NA,NA,NA,NA,NA,NA,NA,0,"no_spouse_no_kids","lt15k",0,0,0,0,0,0,0,0,0,0,0,0,0,0,0,0,0,0,0,0,0,0,0,0,0,0,"rent",0,0,0,0,0,0
965,"high_need",127340,"Salt Lake County, UT",19,NA,NA,NA,NA,NA,NA,NA,NA,NA,NA,NA,0,"no_spouse_no_kids","ge30k",0,0,0,0,0,0,0,0,0,0,0,0,0,0,0,0,0,0,0,0,0,0,0,0,0,0,"rent",0,0,0,0,0,0
966,"high_need",4394,"Salt Lake County, UT",21,21,NA,NA,NA,NA,NA,NA,NA,NA,NA,NA,1,"spouse_no_kids","lt15k",0,0,0,0,0,0,0,0,0,0,0,0,0,0,0,0,0,0,0,0,0,0,0,0,0,0,"rent",0,0,0,0,0,0
967,"high_need",33664,"Salt Lake County, UT",24,NA,NA,NA,NA,NA,NA,NA,NA,NA,NA,NA,0,"no_spouse_no_kids","ge30k",0,0,0,0,0,0,0,0,0,0,0,0,0,0,0,0,0,0,0,0,0,0,0,0,0,0,"rent",0,0,0,0,0,0
968,"high_need",62097,"Salt Lake County, UT",23,NA,NA,NA,NA,NA,NA,NA,NA,NA,NA,NA,0,"no_spouse_no_kids","ge30k",0,0,0,0,0,0,0,0,0,0,0,0,0,0,0,0,0,0,0,0,0,0,0,0,0,0,"rent",0,0,0,0,0,0
969,"high_need",19161,"Salt Lake County, UT",18,NA,NA,NA,NA,NA,NA,NA,NA,NA,NA,NA,0,"no_spouse_no_kids","15to30k",0,0,0,0,0,0,0,0,0,0,0,0,0,0,0,0,0,0,0,0,0,0,0,0,0,0,"rent",0,0,0,0,0,0
970,"high_need",4044,"Salt Lake County, UT",21,NA,NA,NA,NA,NA,NA,NA,NA,NA,NA,NA,0,"no_spouse_no_kids","lt15k",0,0,0,0,0,0,0,0,0,0,0,0,0,0,0,0,0,0,0,0,0,0,0,0,0,0,"rent",0,0,0,0,0,0
971,"high_need",17637,"Salt Lake County, UT",18,NA,NA,NA,NA,NA,NA,NA,NA,NA,NA,NA,0,"no_spouse_no_kids","15to30k",0,0,0,0,0,0,0,0,0,0,0,0,0,0,0,0,0,0,0,0,0,0,0,0,0,0,"rent",0,0,0,0,0,0
972,"high_need",44856,"Salt Lake County, UT",23,NA,NA,NA,NA,NA,NA,NA,NA,NA,NA,NA,0,"no_spouse_no_kids","ge30k",0,0,0,0,0,0,0,0,0,0,0,0,0,0,0,0,0,0,0,0,0,0,0,0,0,0,"rent",0,0,0,0,0,0
973,"high_need",3400,"Salt Lake County, UT",18,NA,NA,NA,NA,NA,NA,NA,NA,NA,NA,NA,0,"no_spouse_no_kids","lt15k",0,0,0,0,0,0,0,0,0,0,0,0,0,0,0,0,0,0,0,0,0,0,0,0,0,0,"rent",0,0,0,0,0,0
974,"high_need",4740,"Salt Lake County, UT",24,NA,NA,NA,NA,NA,NA,NA,NA,NA,NA,NA,0,"no_spouse_no_kids","lt15k",0,0,0,0,0,0,0,0,0,0,0,0,0,0,0,0,0,0,0,0,0,0,0,0,0,0,"rent",0,0,0,0,0,0
975,"high_need",745,"Salt Lake County, UT",23,NA,NA,NA,NA,NA,NA,NA,NA,NA,NA,NA,0,"no_spouse_no_kids","lt15k",0,0,0,0,0,0,0,0,0,0,0,0,0,0,0,0,0,0,0,0,0,0,0,0,0,0,"rent",0,0,0,0,0,0
976,"high_need",5833,"Salt Lake County, UT",19,NA,NA,NA,NA,NA,NA,NA,NA,NA,NA,NA,0,"no_spouse_no_kids","lt15k",0,0,0,0,0,0,0,0,0,0,0,0,0,0,0,0,0,0,0,0,0,0,0,0,0,0,"rent",0,0,0,0,0,0
977,"high_need",48348,"Salt Lake County, UT",20,NA,NA,NA,NA,NA,NA,NA,NA,NA,NA,NA,0,"no_spouse_no_kids","ge30k",0,0,0,0,0,0,0,0,0,0,0,0,0,0,0,0,0,0,0,0,0,0,0,0,0,0,"rent",0,0,0,0,0,0
978,"high_need",7396,"Salt Lake County, UT",22,NA,NA,NA,NA,NA,NA,NA,NA,NA,NA,NA,0,"no_spouse_no_kids","lt15k",0,0,0,0,0,0,0,0,0,0,0,0,0,0,0,0,0,0,0,0,0,0,0,0,0,0,"rent",0,0,0,0,0,0
979,"high_need",18032,"Salt Lake County, UT",23,NA,NA,NA,NA,NA,NA,NA,NA,NA,NA,NA,0,"no_spouse_no_kids","15to30k",0,0,0,0,0,0,0,0,0,0,0,0,0,0,0,0,0,0,0,0,0,0,0,0,0,0,"rent",0,0,0,0,0,0
980,"high_need",37163,"Salt Lake County, UT",22,NA,NA,NA,NA,NA,NA,NA,NA,NA,NA,NA,0,"no_spouse_no_kids","ge30k",0,0,0,0,0,0,0,0,0,0,0,0,0,0,0,0,0,0,0,0,0,0,0,0,0,0,"rent",0,0,0,0,0,0
981,"high_need",17627,"Salt Lake County, UT",24,NA,NA,NA,NA,NA,NA,NA,NA,NA,NA,NA,0,"no_spouse_no_kids","15to30k",0,0,0,0,0,0,0,0,0,0,0,0,0,0,0,0,0,0,0,0,0,0,0,0,0,0,"rent",0,0,0,0,0,0
982,"high_need",17957,"Salt Lake County, UT",20,NA,NA,NA,NA,NA,NA,NA,NA,NA,NA,NA,0,"no_spouse_no_kids","15to30k",0,0,0,0,0,0,0,0,0,0,0,0,0,0,0,0,0,0,0,0,0,0,0,0,0,0,"rent",0,0,0,0,0,0
983,"high_need",76816,"Salt Lake County, UT",20,NA,NA,NA,NA,NA,NA,NA,NA,NA,NA,NA,0,"no_spouse_no_kids","ge30k",0,0,0,0,0,0,0,0,0,0,0,0,0,0,0,0,0,0,0,0,0,0,0,0,0,0,"rent",0,0,0,0,0,0
984,"high_need",1651,"Salt Lake County, UT",19,NA,NA,NA,NA,NA,NA,NA,NA,NA,NA,NA,0,"no_spouse_no_kids","lt15k",0,0,0,0,0,0,0,0,0,0,0,0,0,0,0,0,0,0,0,0,0,0,0,0,0,0,"rent",0,0,0,0,0,0
985,"high_need",30836,"Salt Lake County, UT",20,NA,NA,NA,NA,NA,NA,NA,NA,NA,NA,NA,0,"no_spouse_no_kids","ge30k",0,0,0,0,0,0,0,0,0,0,0,0,0,0,0,0,0,0,0,0,0,0,0,0,0,0,"rent",0,0,0,0,0,0
986,"high_need",1261,"Salt Lake County, UT",19,NA,NA,NA,NA,NA,NA,NA,NA,NA,NA,NA,0,"no_spouse_no_kids","lt15k",0,0,0,0,0,0,0,0,0,0,0,0,0,0,0,0,0,0,0,0,0,0,0,0,0,0,"rent",0,0,0,0,0,0
987,"high_need",12196,"Salt Lake County, UT",23,NA,NA,NA,NA,NA,NA,NA,NA,NA,NA,NA,0,"no_spouse_no_kids","lt15k",0,0,0,0,0,0,0,0,0,0,0,0,0,0,0,0,0,0,0,0,0,0,0,0,0,0,"rent",0,0,0,0,0,0
988,"high_need",17438,"Salt Lake County, UT",22,NA,NA,NA,NA,NA,NA,NA,NA,NA,NA,NA,0,"no_spouse_no_kids","15to30k",0,0,0,0,0,0,0,0,0,0,0,0,0,0,0,0,0,0,0,0,0,0,0,0,0,0,"rent",0,0,0,0,0,0
989,"high_need",33312,"Salt Lake County, UT",24,NA,NA,NA,NA,NA,NA,NA,NA,NA,NA,NA,0,"no_spouse_no_kids","ge30k",0,0,0,0,0,0,0,0,0,0,0,0,0,0,0,0,0,0,0,0,0,0,0,0,0,0,"rent",0,0,0,0,0,0
990,"high_need",17935,"Salt Lake County, UT",23,NA,NA,NA,NA,NA,NA,NA,NA,NA,NA,NA,0,"no_spouse_no_kids","15to30k",0,0,0,0,0,0,0,0,0,0,0,0,0,0,0,0,0,0,0,0,0,0,0,0,0,0,"rent",0,0,0,0,0,0
991,"high_need",6219,"Salt Lake County, UT",23,NA,NA,NA,NA,NA,NA,NA,NA,NA,NA,NA,0,"no_spouse_no_kids","lt15k",0,0,0,0,0,0,0,0,0,0,0,0,0,0,0,0,0,0,0,0,0,0,0,0,0,0,"rent",0,0,0,0,0,0
992,"high_need",5660,"Salt Lake County, UT",24,NA,NA,NA,NA,NA,NA,NA,NA,NA,NA,NA,0,"no_spouse_no_kids","lt15k",0,0,0,0,0,0,0,0,0,0,0,0,0,0,0,0,0,0,0,0,0,0,0,0,0,0,"rent",0,0,0,0,0,0
993,"high_need",35132,"Salt Lake County, UT",19,NA,NA,NA,NA,NA,NA,NA,NA,NA,NA,NA,0,"no_spouse_no_kids","ge30k",0,0,0,0,0,0,0,0,0,0,0,0,0,0,0,0,0,0,0,0,0,0,0,0,0,0,"rent",0,0,0,0,0,0
994,"high_need",16362,"Salt Lake County, UT",24,NA,NA,NA,NA,NA,NA,NA,NA,NA,NA,NA,0,"no_spouse_no_kids","15to30k",0,0,0,0,0,0,0,0,0,0,0,0,0,0,0,0,0,0,0,0,0,0,0,0,0,0,"rent",0,0,0,0,0,0
995,"high_need",4904,"Salt Lake County, UT",21,NA,NA,NA,NA,NA,NA,NA,NA,NA,NA,NA,0,"no_spouse_no_kids","lt15k",0,0,0,0,0,0,0,0,0,0,0,0,0,0,0,0,0,0,0,0,0,0,0,0,0,0,"rent",0,0,0,0,0,0
996,"high_need",6978,"Salt Lake County, UT",20,NA,NA,NA,NA,NA,NA,NA,NA,NA,NA,NA,0,"no_spouse_no_kids","lt15k",0,0,0,0,0,0,0,0,0,0,0,0,0,0,0,0,0,0,0,0,0,0,0,0,0,0,"rent",0,0,0,0,0,0
997,"high_need",5612,"Salt Lake County, UT",18,NA,NA,NA,NA,NA,NA,NA,NA,NA,NA,NA,0,"no_spouse_no_kids","lt15k",0,0,0,0,0,0,0,0,0,0,0,0,0,0,0,0,0,0,0,0,0,0,0,0,0,0,"rent",0,0,0,0,0,0
998,"high_need",21089,"Salt Lake County, UT",22,18,1,NA,NA,NA,NA,NA,NA,NA,NA,NA,1,"spouse_with_kids","15to30k",0,0,0,0,0,0,0,0,0,0,0,0,0,0,0,0,0,0,0,0,0,0,0,0,0,0,"rent",0,0,0,0,0,0
999,"high_need",16176,"Salt Lake County, UT",18,18,NA,NA,NA,NA,NA,NA,NA,NA,NA,NA,1,"spouse_no_kids","15to30k",0,0,0,0,0,0,0,0,0,0,0,0,0,0,0,0,0,0,0,0,0,0,0,0,0,0,"rent",0,0,0,0,0,0
1000,"high_need",17880,"Salt Lake County, UT",24,24,NA,NA,NA,NA,NA,NA,NA,NA,NA,NA,1,"spouse_no_kids","15to30k",0,0,0,0,0,0,0,0,0,0,0,0,0,0,0,0,0,0,0,0,0,0,0,0,0,0,"rent",0,0,0,0,0,0
